6526 72
6410 5440
2920 3378
745 5662
5666 843
5929 5612
1203 6279
4350 3401
767 725
484 1758
5987 5244
4706 4236
558 5391
3840 5124
4583 1090
1165 6118
4728 2298
3466 884
5374 574
1787 5930
4282 2842
6329 955
4512 5418
2428 5670
590 3673
64 6258
1491 2403
3373 2164
3392 2612
1665 4393
5449 1057
3596 330
1990 1580
1767 6468
3581 1855
6336 1976
3878 4334
2496 572
3993 6132
3142 6184
1829 3024
2861 2657
3720 4318
5504 3259
6065 2587
566 3280
3263 685
2412 872
293 3700
357 5204
3953 3428
564 1167
5566 3163
3236 4342
2261 4776
2088 2747
3923 2219
3322 4382
3002 6421
1973 2831
4688 246
1845 1283
6190 1791
137 3627
903 3120
2455 3061
5738 4219
5506 6012
3144 5068
5765 3182
2833 1620
3679 2945
1744 4701
822 4489
1631 618
4144 3593
963 6022
3727 3433
199 2726
3343 5333
5970 3117
3911 586
3851 715
2073 6293
2549 3032
4886 823
6371 3313
5043 1649
402 3846
5740 2010
4529 6359
3852 935
4279 3262
5854 2434
509 6294
5868 2958
3161 2312
5767 5297
2660 677
4559 2759
4811 350
4541 5213
438 1807
2967 2840
449 6168
6119 5491
680 4392
3577 4479
5327 498
1473 5289
4150 2539
1213 6430
5576 4260
3385 4401
2192 4519
3429 4266
5271 926
619 2828
940 6515
5818 4893
2921 4959
2342 1899
1480 6
1107 3123
6385 5589
3756 3015
4010 990
105 5480
3750 5915
2957 1592
2356 3888
3854 5681
3916 2917
2874 6057
5040 3041
3280 333
4078 979
3608 5210
3983 5847
1034 528
855 1661
1892 68
6072 1901
2103 2980
3016 4466
3756 3301
3957 5655
1192 2397
924 2996
4839 5376
221 4573
4980 4441
822 3975
1058 727
1629 4471
4555 626
1220 4385
586 3138
274 4117
4960 874
2321 5632
521 3532
4041 4457
535 754
175 608
6030 6109
951 4127
6421 2311
378 2010
5799 2202
2039 4055
3027 2468
243 2740
4932 2355
1218 1749
3633 4205
14 68
3587 5997
3730 90
2265 2047
4818 1412
4315 1287
5368 2794
4716 5303
1794 5789
413 5674
1228 2429
1489 2891
5134 3207
2761 584
2999 1810
1241 6225
2841 5003
5146 815
5320 2021
4807 4437
2481 2972
3869 72
1023 4288
2194 1876
1695 2598
5025 4933
3718 4975
1854 1875
612 4503
5921 3171
5971 3423
5942 5680
3043 307
809 1121
5241 276
2513 4615
3220 528
5202 4685
2652 1826
362 6348
2827 454
2463 3973
4849 6079
472 1998
6322 6438
595 2233
5416 4552
3907 5242
239 3884
6100 4950
5154 1598
6418 2162
180 1505
3765 1212
4594 1536
4631 2755
2522 3728
2770 849
4010 3234
1236 5493
5967 5542
4222 2090
5033 2407
3162 1687
5985 2653
3213 4785
2298 6215
2368 1764
6422 1401
4239 5073
121 6003
1104 5255
2201 1695
544 4998
1019 379
752 1099
4987 4094
4434 5827
1 5208
2377 3136
5601 4300
4276 84
4015 2600
2543 2629
5425 4578
43 2457
3482 3271
1519 2731
5323 5378
6121 2640
2924 1251
251 416
2273 2370
381 1865
1202 3797
4799 6411
5239 5004
3212 2960
5279 1963
6102 2289
673 1594
1073 3420
5936 4252
6019 4933
3742 318
4107 5718
2995 3096
4376 2480
4447 4348
1696 753
2791 4932
2558 3036
6360 1079
3816 2726
1339 5985
4779 3363
78 1788
4836 909
6275 2307
1374 3912
3078 1085
5886 249
1185 4841
904 1934
5945 5760
3796 3520
1337 6243
2027 6502
2244 1418
2747 1759
4623 4104
3476 2365
1529 1453
5306 1742
1583 1025
4334 2193
456 3500
3853 1466
1859 6151
3200 144
1521 4502
4917 4349
3781 1823
5311 104
4087 2301
2050 3550
6125 216
4207 190
5447 235
4212 825
555 1137
407 1894
451 2990
5442 179
933 1310
664 5253
3014 5017
5460 3448
3748 508
3191 6090
3368 5860
3060 5635
2433 2732
3375 4023
4506 6480
5545 784
1507 4940
4099 5603
4608 1438
1869 6048
1460 1197
2025 5969
6508 1049
1681 1782
5510 3778
2812 2066
3612 4323
1741 5970
3541 3910
6068 1364
643 2206
1990 6010
5012 3635
1274 3717
3714 1687
3541 4088
579 4116
3737 5439
2962 6001
3588 5621
5930 4917
1721 1537
5044 295
3628 5183
1376 5581
5817 2742
763 3559
3218 5771
1868 3818
5167 2087
2287 3810
1112 703
2557 4716
4377 2752
3132 4613
6029 541
1688 415
2737 1482
3795 4262
3601 2819
3415 2767
4839 1430
2442 967
5356 2384
3511 988
3547 3623
2912 5651
2192 2226
3051 2254
3516 4580
587 6335
581 4802
5559 5904
1718 5911
1132 5676
1505 5007
3990 3239
648 2185
3157 2436
4569 525
4673 6241
4016 1616
4403 6030
686 5255
5893 1827
4533 244
3845 2296
2805 337
6170 5029
3758 481
823 5348
3530 1285
1708 5053
6456 1564
113 1541
4829 1444
3711 2719
4902 248
1521 6425
5765 3438
36 2264
4739 5052
3782 2710
3464 307
2763 5335
723 3616
5214 5885
3315 5661
2166 49
5606 2509
1777 3663
1282 370
462 784
834 5280
4633 2101
4646 4327
1631 2624
496 1313
4425 1076
3361 2862
6208 972
2228 1142
5899 5612
1343 5710
4037 1376
5784 6128
4257 2400
2127 4056
4863 3231
3659 5981
5796 1353
2844 3366
3981 5857
4713 1142
487 5284
5805 2187
2696 6494
4776 2714
6285 4341
2522 758
72 6422
3400 2300
1964 1303
2336 5688
2067 2449
3139 373
1946 5655
139 1202
204 5601
4817 2141
2752 2986
4914 4260
4433 2026
2866 5461
6413 2591
3539 1144
5213 2894
5981 4157
3490 5190
2387 100
6051 247
3472 5992
6182 3272
5441 544
4322 1043
3850 3811
6189 3936
5924 440
4488 1676
2476 3357
3136 552
6099 243
3926 4913
1370 3925
1381 4606
2329 5614
2058 2930
4109 693
4622 6247
1794 6511
751 1984
4181 935
4974 4785
1053 231
3814 129
763 3434
2504 3158
1883 4590
1529 4010
1704 1524
371 3571
2564 5559
2056 3763
5268 6463
5359 2373
2286 1393
2300 4883
3012 5166
6264 10
1480 4122
3850 1655
171 1757
549 3497
5478 6166
4125 3373
1069 1845
3324 4592
1239 4017
5568 197
1467 5410
3543 740
5320 5466
5184 3580
2170 6390
2163 2197
1688 3917
4176 5564
2659 3055
5116 563
5176 5864
5157 1544
1434 4842
696 5444
4645 5904
5960 2824
2291 4742
5033 4472
3055 151
4189 4348
5468 5024
705 264
278 5851
1644 2402
5482 4799
512 2495
2344 2802
450 6009
1703 2288
259 1842
3154 97
2283 5822
45 824
3625 5968
3252 6185
1028 4298
5066 6099
2106 5529
2441 5054
4772 1035
906 6229
240 5755
2472 1778
5128 2420
5812 2746
2471 1153
4919 5305
681 58
3968 5413
294 1446
1780 5232
5443 4700
3839 2194
4653 3856
5420 977
3792 3735
2869 691
4572 1051
2560 985
2378 5975
6037 1225
1516 1576
5715 4931
4027 1235
5046 5986
156 2966
2806 1961
5534 2884
4392 1124
726 3840
3271 4050
2973 757
3571 5610
6327 3709
1418 3561
6332 6229
3927 3226
2227 2493
5796 3155
4838 531
421 4121
4084 219
2601 3537
1415 5743
1651 5634
1279 266
87 2941
233 2885
6255 977
4529 1977
1950 5424
1997 1099
5337 1324
2714 1808
1827 4183
1699 1093
1819 679
3784 1465
1771 486
5471 3020
2751 2729
4623 1018
603 4453
3046 3673
3636 5775
4091 3095
14 5604
4226 2091
5363 6157
1042 4494
234 6404
4284 2651
2266 92
3848 4843
2933 2624
1311 565
1719 5643
4490 5492
4771 499
3367 4223
3950 1878
5918 1739
2911 2301
3756 2160
3288 475
2470 4271
2646 5681
2792 4186
6151 2862
5044 2656
1214 3129
5079 2045
3522 2903
5793 1881
5265 2622
6378 503
6072 193
5540 1548
1672 1673
2334 3704
2000 1975
6296 4004
2786 3037
4023 1420
1453 4586
5042 5214
3275 6069
210 4511
4382 2032
2302 5177
710 999
4939 4647
469 651
1784 4344
815 654
3569 4775
3721 3353
747 3987
11 2789
2097 4039
142 4827
1920 711
5674 37
2828 3844
3274 4744
2306 1771
5573 2140
4925 1999
5520 4390
4857 1975
983 6147
5654 5584
1314 2160
5261 2000
1017 6199
5774 1726
2659 3989
3759 4489
2565 2461
3578 3755
2186 6421
4655 984
4704 3020
6251 1106
2909 2621
4874 3691
1984 6497
4971 2086
3747 3330
1291 2743
4801 4098
4149 6240
5080 3455
529 2849
1107 3170
5473 1670
3455 259
2603 3172
4536 5523
1659 2315
3604 873
5767 768
5527 782
1113 637
1623 3653
5328 6359
1284 457
869 5649
6242 1298
3668 1665
5899 1866
4096 773
4782 2822
6337 2250
2786 5400
3026 295
4294 673
3244 5216
1298 4425
1503 5122
5863 4784
4021 2823
268 1327
1700 4997
4758 3400
4852 6414
1273 4754
695 76
4381 5248
724 4076
4170 5271
2819 3815
4317 6353
4258 2063
2372 42
2892 442
512 3718
3443 4044
2607 3008
299 4618
252 6520
4935 6185
1512 5442
1205 198
3390 3817
2780 164
502 188
4813 4012
2688 3822
4418 1234
4813 1193
4983 212
6344 174
2576 600
6086 1860
6189 1319
6454 4321
2314 2018
2931 3371
2299 828
1325 4700
4923 635
5173 3417
6059 2421
2572 6474
4208 2349
583 2168
6077 1537
4116 112
4504 5054
1233 4704
457 105
5156 6357
4937 2504
940 3694
4036 1025
1715 3315
5282 5530
5821 2330
6164 5732
4054 6225
107 82
4993 1410
2342 3856
1574 466
3719 1517
162 840
3532 1852
5551 3774
1743 4744
6392 2903
3791 1539
3451 4546
5350 4344
2397 2180
3313 185
6298 4332
5075 894
5298 1503
2754 850
6268 3526
874 4731
5697 2063
4105 6377
6127 5695
3085 3864
997 2313
338 783
938 596
4446 2162
364 1885
4274 1554
2843 1193
4691 3246
3403 5638
707 2281
5103 4010
4846 2002
3707 5968
1991 916
2541 954
2509 2895
1480 378
2000 2499
4554 2038
3159 3744
6298 3782
1448 1874
776 2211
1255 4105
3196 5099
195 5542
694 3216
2573 4365
604 827
2453 1314
2020 2096
5367 6369
3680 3127
5101 5748
2319 6449
2672 5510
5954 2398
5222 4930
3512 918
1531 1714
3609 5241
4240 4649
1268 4714
3868 5585
3613 1750
3035 2136
2254 6409
3555 5103
4147 4152
6049 4849
795 3805
1776 1684
1006 4803
3253 2351
2610 4643
5545 3584
2616 1309
802 680
2448 3258
4584 5934
6023 4785
1143 3669
5037 697
3790 1502
5415 6331
4480 2575
6047 2034
4956 3741
2197 325
1523 2333
4318 1249
1115 1642
664 5645
769 2716
6420 1989
256 5862
3286 3560
451 1814
3043 527
5966 995
5113 3192
3880 2263
1968 2447
85 842
3994 5192
332 4229
5775 5053
1944 5104
753 3513
3952 157
2354 3995
2702 1311
858 1524
689 1172
2313 1566
1879 568
5107 2015
5268 3544
2147 1743
1590 6319
1409 1200
5474 4016
6507 2309
4439 1563
3692 334
3649 4016
882 3631
3461 3441
3802 2440
2776 3121
4009 3692
6392 6385
378 1575
6166 3393
5678 831
6183 5617
2068 5980
3606 3417
2965 1175
2275 5350
6121 4729
6201 4162
4474 1831
1600 1501
1736 2216
2660 4789
402 6161
3148 5735
5327 425
5830 5956
2007 4078
1375 5127
547 6067
3124 4587
2082 4831
2120 1097
3574 1072
2632 3370
2604 1456
6037 3872
6348 5096
1135 5890
6178 6162
489 3657
4398 2387
6387 440
1391 4843
6125 1087
4561 2476
1899 3573
4690 6064
2367 2094
1000 5215
6454 5879
332 4062
2475 5414
5933 2107
3051 4359
2508 5294
4696 101
1107 5931
885 3855
2865 1447
1874 3000
6074 5836
1356 5856
3675 807
3278 2965
931 297
6094 591
863 2498
5558 40
6439 5319
2602 2729
1331 279
3073 1880
5071 2953
3084 4883
2167 2396
6156 2026
180 4251
2511 2158
1657 5887
2706 3506
4881 1496
3786 1889
5450 3276
5763 390
5969 2852
1331 5693
5742 2491
3271 4468
4963 797
5081 2533
3541 5713
4430 2163
5658 1057
5944 5394
993 4596
4140 4609
2113 2785
1153 2580
6370 4040
6317 4235
4112 4803
2074 4019
3822 5934
78 3149
1800 3008
4582 4946
2840 5773
1674 1548
606 3069
2146 647
628 2363
1655 1621
4891 3963
886 5808
1862 2644
2351 4351
4591 3420
1683 5425
3291 2344
4635 2361
631 6422
650 1746
1050 5078
5766 1320
6129 6305
2614 612
6096 1204
6430 1434
3403 2963
2477 2550
1823 999
874 5370
542 3048
3206 6412
4147 4112
4490 4145
5764 2909
5452 4568
5324 5664
2651 921
540 5533
798 1492
5285 2041
634 5058
1934 2059
551 1652
15 4448
648 6269
4205 1875
5047 5872
4376 1836
5034 4920
4110 2189
2477 120
2540 2611
3440 5330
6040 954
5145 1732
4941 1287
1078 5395
1137 4049
2009 4218
3718 3660
1900 4760
6218 3189
1866 4402
322 4209
1837 5216
5569 4456
1636 6503
89 4815
2198 4421
5092 524
660 5243
3818 653
1710 952
363 5348
521 5190
222 1630
5188 5558
1671 5689
5407 2604
4519 110
1009 458
4806 3098
580 2994
5333 3338
4180 5228
1970 6509
4992 5154
4173 2327
35 6108
2202 5536
1912 6021
3503 729
4280 4703
925 6153
1683 1443
1688 2502
5970 5737
2570 2670
1324 4428
2765 5055
5696 4383
2936 5905
1621 1471
505 4077
5468 6093
1559 3904
3471 5603
2474 1951
1906 2411
135 4425
6352 3656
6180 1729
1926 5594
6406 6201
1773 869
1235 1440
3361 5582
3888 1927
6008 3888
3846 682
2057 2222
5296 5713
4564 1482
3381 2292
3172 2531
1675 3147
1951 5780
2515 3697
2559 5034
195 98
2868 5481
5607 1929
893 6504
5428 762
1669 615
4991 4607
3980 2131
5895 6318
1436 6465
4511 5880
2005 1565
939 4163
2545 3898
4918 5396
3859 302
4585 607
3903 162
2432 977
3682 5515
947 5308
5325 5691
392 2443
5151 3431
3150 2863
1397 5092
2618 719
800 5350
2246 3587
3521 4002
2172 4680
4757 5522
5500 5860
1466 320
1121 3894
237 5817
2701 1850
1313 1132
6496 4978
1134 2277
6316 3397
5759 4563
1543 6419
5561 3199
6371 419
593 948
1689 158
1203 4432
2581 2808
1664 3593
763 6009
1578 914
3807 419
3483 811
1902 1930
4192 96
225 1237
4321 2693
5903 6400
3718 834
2320 2388
2611 5184
1036 4812
1697 3491
965 147
5779 1482
4858 2723
1683 4452
3946 3838
1971 955
8 3594
93 1052
4082 5153
3435 1320
1276 4116
6373 4202
4722 1390
615 5181
1858 2037
5082 1597
1119 6093
4496 2060
557 898
4451 3676
5244 6080
4654 3456
257 4555
2946 5539
1454 637
6109 2857
4373 172
5755 3164
1957 6447
3432 4461
1215 1256
4377 1384
4195 2044
4947 4201
653 1602
2985 2721
1530 850
721 2353
2326 4681
306 4850
1964 6240
2551 4540
2331 3971
3281 5746
5707 2489
2495 5217
4532 3230
1208 4672
145 2769
479 1352
2754 2047
5779 373
2694 4212
267 4582
4222 5489
3502 2434
3519 6476
6280 3667
1546 2893
4867 4139
1025 6126
385 2885
1036 3202
5365 698
988 1834
451 6391
3512 2884
3947 2052
1652 6064
5841 5004
2187 4914
377 1137
5587 2050
3980 820
5140 5124
1596 2638
5867 1621
60 3702
991 4053
716 1175
173 3545
3542 3726
5440 4275
1551 3504
2838 2659
3694 4642
4337 1472
6091 4576
1488 4732
3764 4230
46 1900
2890 2424
5626 5717
756 4468
4136 246
2798 4946
2394 927
1511 2664
4353 5076
6433 978
1254 389
3340 4402
6070 5260
301 5765
5698 4732
1771 2095
3107 5010
6405 5163
4891 6451
2547 6263
1149 3897
2135 4309
4297 6169
6065 1419
2180 5618
1338 3977
6261 2126
5009 1504
5628 3061
1227 5364
6473 2326
3591 5840
4089 5615
4507 112
4995 724
3641 5309
691 2748
1394 3526
3032 4432
2725 915
914 3035
2070 1158
3502 5463
305 1352
2888 3889
5000 2616
5531 1701
470 876
2096 2962
1915 6078
3498 1377
5486 5620
4073 3882
106 5263
2830 5437
5060 4686
3527 171
5312 2606
917 5887
487 5983
6031 2386
787 5674
3637 4306
4770 3113
5817 5246
2438 2978
783 603
2513 5027
4782 3102
6158 4354
1856 1602
2110 3010
2620 5033
1366 1221
1659 1201
4136 3839
5370 223
2813 4091
6303 3330
1109 658
3110 6489
1845 6303
204 5708
991 2607
5185 6236
3913 3295
5444 2136
5574 1873
1370 6441
2629 6101
5886 3574
5989 3535
1325 5126
5980 3682
3345 2349
2771 2246
1589 4623
2870 6395
407 1278
5399 3698
3530 2182
2688 5763
1407 2282
5351 662
1614 684
4126 2459
4584 679
3550 3435
5956 399
1086 3057
5021 3831
2096 3706
1009 3813
6145 6321
2523 5169
3502 2319
3966 5475
1166 5597
1824 943
1967 1588
3439 4688
1987 5537
707 3012
4628 724
3699 779
5830 2888
4177 2075
1935 5214
1596 3964
2009 3059
5964 6386
1252 6149
4821 5503
6468 2323
1090 2448
562 2456
4521 4770
2052 1933
1492 466
1502 6004
1114 436
4749 3335
3142 1472
2546 5837
3878 5831
2014 3704
4467 5013
5511 2591
5565 5825
4890 3196
6106 5995
1463 6398
2855 6233
6409 5566
2483 16
41 1448
2959 5701
1352 5859
6006 3190
3942 5209
6501 6184
4755 963
130 4461
4820 6412
1142 3257
4493 4310
2021 5
5498 1108
3026 4014
4639 1647
219 1406
525 3180
2871 6179
4439 5244
3394 6031
5558 971
6323 3527
977 5495
5461 285
6035 3998
3977 3194
1698 3864
951 4407
1206 4505
4709 1271
6048 51
3472 4908
4958 4006
4084 3126
2755 5982
5748 310
4187 608
2364 4110
2171 6338
862 225
5876 5183
640 44
4676 4550
4162 5517
2093 2708
4860 1952
6350 1487
3480 4538
3940 2523
2883 2199
446 3533
3241 5968
739 5399
179 2800
1078 6278
3262 5074
3969 4622
648 5106
642 3298
3998 866
5990 1162
4134 2705
2163 4469
2308 3873
2217 6291
6176 5119
5118 2134
1841 2316
5526 689
1470 1966
3735 5608
1039 937
1568 314
5757 81
5331 104
1302 6504
40 1817
5974 6225
5141 956
4363 229
3111 849
471 998
4534 1791
4661 1902
1048 2281
1641 1607
4986 3521
2792 2157
2685 4849
4563 4576
2671 2977
961 2712
4208 3332
6309 2337
2394 5088
5228 6402
424 6374
5551 3342
220 3920
3727 1227
5151 4342
852 5722
6325 1849
379 5302
447 75
4315 1740
1360 3557
592 5379
5473 1723
1296 3905
931 4199
5925 3901
5369 3399
5279 924
2639 1757
1451 2695
1397 3250
541 1224
3490 4604
1087 932
39 4694
376 2191
4796 1165
2645 2126
1595 1264
1460 3765
2205 3536
198 2144
5550 2665
3996 2361
4935 5993
6210 3026
6262 655
1766 57
734 3861
6075 3993
5438 6340
1276 6036
4579 102
3186 2564
677 4445
1891 3495
227 4703
3943 6019
1257 5721
4637 5713
2804 260
5518 2169
15 3195
2808 6459
5668 5666
4154 1225
1840 5759
2999 3249
5432 6087
1757 1334
4411 1145
2354 1049
1082 3800
5278 709
1527 4696
3019 5556
4523 5961
468 400
5808 5457
337 3776
3446 4261
4921 938
5754 4061
6124 2481
4153 5599
4141 1022
3529 4550
3552 1462
1454 6034
1592 1185
1275 749
3812 4666
2585 2274
2706 4895
5554 6507
1719 4501
795 6152
4467 6419
762 2575
4832 1721
5556 4945
2258 539
2189 2527
3992 1288
432 5289
409 4227
3921 1342
2313 1427
3319 3768
2641 2844
167 5505
4094 2210
765 1925
2635 5753
1731 2776
1685 4672
1158 5255
5947 6192
2146 1617
2610 5716
5237 5546
2923 1896
3391 1280
5498 2935
477 3858
6131 4799
1838 3130
2641 4028
4863 1836
738 6317
1154 5883
2636 3928
6127 731
5778 824
2047 4918
237 2266
6311 5307
1722 1919
566 5770
1833 3544
6283 2533
1368 4269
1906 387
19 986
319 790
2879 1929
4792 3376
1033 3785
4136 1521
3849 3207
5730 96
5006 4254
6513 2661
2066 3629
3763 2721
5378 1598
4458 5656
2471 5913
5836 1675
4169 3343
3411 3823
6237 2688
3191 2897
1974 2537
5428 1989
2998 5693
5503 4113
3334 4746
2993 5983
63 5213
2147 3269
5225 3375
4879 5444
12 1016
1554 4845
2813 275
3290 2041
5067 3752
2913 4176
633 5892
5529 5527
1199 4966
5496 4029
4171 1813
659 3744
5498 2447
2279 1541
4178 4950
3296 3701
1450 4962
4880 4811
1474 1972
5960 2448
5462 1689
524 5487
3250 4492
1686 5660
5429 5048
3542 5100
6493 4117
2036 6428
2084 1573
1946 2042
1697 4546
2925 2081
4682 4361
3324 4707
2853 195
4677 1707
1241 5859
5153 4149
5778 2779
6254 5970
5859 2744
152 2897
2178 4912
4758 943
380 675
391 1558
6289 1411
1265 3156
3454 4426
3306 2722
1627 5122
2500 5085
3634 4572
105 1111
4711 5461
5728 1233
1694 4708
4024 3385
1610 1086
333 3389
2154 3373
742 4867
3166 1124
1153 5301
6525 2654
2476 6401
206 1371
272 5650
2686 1140
4095 4159
2011 4832
6170 2521
4211 2713
3806 1340
6233 987
6300 6018
6214 2256
3004 5123
599 2577
5749 2736
2031 2507
4412 1577
1574 3365
749 2871
1034 5432
5220 3652
4553 1064
3681 4663
847 3572
1286 145
6312 4371
2329 1726
3065 4137
1020 1679
1182 2092
5087 4483
4370 6281
443 4059
4379 3447
1082 4158
1280 1721
899 1067
1305 4543
5285 5691
1980 414
5420 3347
546 5901
5951 1062
5682 4815
1922 4617
1214 1510
5459 5182
507 6144
4723 5447
6033 5153
3638 5558
1518 1163
980 638
5182 5298
4224 3336
69 4348
1417 3479
5949 5267
609 2113
4177 2812
1250 95
517 5657
5905 1090
5605 1049
5860 5031
5800 2532
115 1353
4600 3903
5910 1308
2220 269
3396 4252
4146 128
5627 2599
1264 3275
2001 3219
2599 5092
4459 2507
1010 1565
1015 766
5361 5134
6000 5009
6074 2518
5125 2864
4132 3123
2915 2373
6500 4900
5252 5112
952 30
4633 645
3990 4303
1527 4197
4144 5310
3268 6047
5937 3238
5617 1485
3369 3513
4187 6524
1385 5699
5050 1806
3313 5372
2267 3167
1822 2929
2700 4640
5172 2114
5531 5264
3117 461
3498 636
74 229
1047 1750
4620 5197
5574 1003
5925 2030
4658 647
588 3037
5839 3503
2684 3354
5783 5671
4829 2062
5795 4264
6346 1550
214 6200
2783 2221
2704 2243
2736 3038
1970 146
431 6023
1909 1059
4298 6177
2846 6406
2498 4435
2325 4928
4692 682
3080 1162
3955 6211
248 1598
4633 226
3323 4328
4370 4337
942 1386
3005 466
3117 359
4536 2178
2707 1217
2686 5758
5335 2010
4915 1791
5750 6067
3269 5660
3715 3449
1745 4462
2948 5543
959 5937
3458 2723
4764 2882
5650 984
4898 1059
1100 2404
3461 2389
5971 1884
3778 6122
6288 663
6000 546
1425 988
4299 4312
2255 2393
3211 2682
3300 3144
3640 4483
2095 1056
5782 4092
1414 3609
1178 5761
4624 3633
3721 5914
1296 2405
525 3509
5206 2246
727 4373
4508 2116
2190 6418
1971 4365
1428 658
495 4665
5024 4467
2251 6174
5025 3970
4718 3724
4340 780
1870 1090
730 5162
1768 758
1538 6161
1867 2095
5952 4587
665 6386
4086 5072
1721 4571
3459 733
4482 6389
2548 3818
6180 5041
492 5165
5548 3339
2188 3421
5794 5647
2248 104
5938 4411
1841 1273
4183 438
304 840
4138 2412
3732 1130
2443 3558
6192 4331
3959 1251
4328 1996
3186 2790
257 630
3654 1948
1230 1151
4802 4403
975 1611
902 2961
5968 3725
5580 2056
2960 2124
1152 494
3783 1481
2145 3136
5390 1680
2729 5662
3450 4097
4510 978
4593 1361
2519 709
4892 4404
6472 5760
6285 6396
6449 5491
1367 3099
6324 3482
3157 6040
1155 3559
4311 1899
284 6249
841 6134
3468 4660
3945 1188
953 2069
3973 187
5794 4873
1084 2419
4274 743
2419 1124
6163 798
3650 4603
2076 5603
4050 4681
5471 3240
4466 2590
1033 4226
1070 5902
6258 3664
1573 4607
2310 3946
1755 5148
5358 4171
3727 4833
2482 1427
3890 42
3490 5015
5473 2689
1013 4118
4096 2492
2621 1716
5379 1653
3156 2691
3966 563
3686 5888
5208 3018
1755 5272
2141 2188
842 804
4590 1860
6418 5723
214 5106
2283 2898
1034 3604
650 6192
3303 531
1167 3657
1080 5332
1513 1354
6269 2916
2222 1702
3472 4173
1347 2353
1799 6244
5730 6188
4639 2980
3501 792
3650 771
1532 1677
1834 6060
533 5372
6140 3828
5414 941
1941 4588
5100 5784
2280 3411
5358 5905
2443 2453
3029 4962
616 5844
153 5052
4147 4021
4313 1640
2352 4510
3078 5104
3835 1942
591 326
336 3911
6441 6154
2186 507
4611 5544
4970 1285
2588 4202
4895 2925
2924 3010
1442 5995
1133 5268
50 1298
5448 702
1287 4781
6211 1096
3055 2772
1361 109
853 3725
1238 793
4532 968
1173 1897
726 1008
85 3145
4151 3077
4078 3988
4646 4616
1634 6038
2544 4373
1512 4040
1875 3442
1150 3451
2363 629
5839 5712
4822 4639
3031 3728
3803 1539
2128 4594
2709 410
3594 1079
5025 3204
2028 3774
4170 2247
335 5397
5972 832
1317 3221
3460 3247
2209 2117
2395 704
4588 5319
6213 4856
2831 6042
629 5074
4319 4532
2506 1979
1000 4962
4337 2173
2403 3741
3820 5757
6452 2097
5155 4743
4031 3302
249 2755
1891 6477
3610 910
2281 4361
3638 3185
4750 1241
715 1173
4556 4076
1135 4961
1528 4500
3302 2009
1142 4105
3511 5798
6123 1357
2098 3770
3887 2131
3356 2248
2700 1947
1857 6307
2058 5607
1219 1071
5891 4801
5530 467
5828 1835
5637 4848
6295 5836
1513 3363
1171 1851
2696 6043
4561 4851
2415 2105
2505 5646
5508 5961
4465 371
3095 63
1709 308
1820 4848
2287 1349
605 5390
1685 3173
5801 2727
2331 5771
1147 2861
5631 4458
2571 4976
3333 428
4867 966
2899 2516
5636 2891
929 5682
3579 2948
6061 5208
2282 1107
1431 4826
3118 4006
5531 6195
5849 1471
1359 6140
5961 10
5299 5922
3034 3775
4047 4351
3457 5962
2873 4291
6421 5133
4851 1743
3632 2387
3425 1396
4033 5874
4720 5285
3719 56
4418 3954
170 3306
5545 123
571 2721
2174 481
1024 4120
4472 5831
4920 1907
4231 2187
3668 4056
2808 485
4128 1068
496 4225
174 3197
1680 4048
3887 6301
6376 5609
2971 1182
5416 5485
1459 1037
3789 220
3906 5915
830 3536
6503 5623
9 3529
2906 2008
1102 3679
4294 2236
6448 1120
6278 4340
4263 1029
5787 1208
3978 3204
3046 1383
2313 298
2395 1111
572 4407
2496 2860
916 4377
3709 5862
473 1216
5657 961
3001 3982
4150 2078
2268 540
4800 4565
2748 5481
2454 1222
5541 3814
4954 1469
2149 3099
5835 3429
389 3247
6113 6462
2597 4572
5125 4944
3186 3924
3614 598
3071 6130
5857 1341
3099 5720
1979 3575
4375 4984
4066 4667
511 6286
5905 1140
3997 3973
4533 843
5010 1926
3394 3296
690 4605
570 5803
808 6212
5012 4951
6044 2506
1772 2325
5001 5881
4942 3386
1433 3647
3042 1793
5964 3751
1296 4188
5560 4890
3183 2465
5923 2682
1559 2273
2659 5877
6287 5372
3568 5175
883 4747
5306 449
2411 6504
5284 2850
1521 4058
2435 292
1656 3934
3987 3599
4281 2040
4170 2332
604 4011
5032 3442
2491 5090
1601 743
5415 5829
2344 3437
6450 6234
4069 3253
6028 2007
3650 482
3846 4687
347 3059
4029 3039
1424 3424
5936 6310
6099 1174
1456 5006
2738 4421
4883 5430
2130 5366
2335 6186
4718 1361
6032 5517
6359 19
3218 1727
368 5568
5260 5138
5118 510
4452 5802
4276 5267
2934 1755
1762 2318
263 4166
1178 2542
2685 5447
2179 6316
5844 2048
957 2006
381 6257
3952 3194
177 1796
4442 3991
5683 3015
4013 237
3834 5362
4805 5689
6094 1354
164 2890
3089 3230
5914 4103
6220 3803
5934 253
531 4033
5653 5556
4517 5386
1549 1619
5947 5893
6399 6352
3354 2152
3843 1799
1152 4190
4393 1722
1014 1047
1979 1464
6353 944
4509 3801
1004 2500
4134 4662
3493 5147
4216 3237
1114 5015
4928 5453
2766 2440
1224 2102
49 780
5861 2392
3452 4665
6035 2595
5096 5876
1375 184
164 2985
5975 3541
6090 5270
452 2825
1063 3021
952 2196
4767 2210
4486 3372
6252 881
4318 5365
4940 2279
123 2517
2231 1430
2669 3646
1360 2900
4000 578
44 5864
1373 487
5034 4017
220 2912
4417 176
2258 184
3810 3717
3091 4230
3931 4944
429 1599
1937 4483
2940 2628
1218 5253
6286 3225
4966 3005
835 3193
6374 5178
527 5641
4221 3281
3433 3336
1323 1382
242 163
662 3748
2317 4481
2752 6031
451 5251
5630 4324
6002 4333
2644 1630
3996 6191
5927 1666
1402 3291
769 646
3259 982
189 2838
1168 5442
562 5667
5486 3869
6266 5743
146 1469
1465 5887
3908 4524
3335 3597
5810 5663
5489 3115
1461 3054
102 1358
6197 6374
5219 4106
3407 5983
649 4689
523 4454
6235 1029
6495 6195
2264 580
2281 6232
3481 2374
1783 2715
3420 1045
1155 1267
1207 1804
2942 4135
5182 1394
1141 3674
4799 2118
2655 2381
2421 2536
4943 5884
3156 3027
4576 3667
6002 6003
2950 1558
1076 6129
4675 4878
5585 6224
5376 1613
2302 5153
1957 412
1615 84
207 2860
1618 2855
360 4275
1958 2277
2795 5860
3188 1102
1750 33
1418 3865
5938 2856
1538 3227
3067 756
1885 2805
1120 5953
2832 1938
6187 2099
946 5819
4072 1570
1137 2759
6115 6042
4261 473
26 671
5791 6119
2807 405
981 670
976 2385
5295 6453
2794 5342
4816 4658
601 5954
5222 3100
3753 6525
3099 9
1335 2528
5783 339
4862 6303
2078 4824
2574 1250
3751 2719
1164 4003
3404 3320
1846 6185
6111 5741
4522 2648
2150 4418
5817 1969
3420 3757
313 493
5470 1307
2070 248
3359 1810
4149 6396
775 3905
839 5254
5002 5709
5039 5349
3058 3205
6155 3523
3935 1547
5715 5334
4366 5060
4982 5917
3954 6491
5194 2739
3329 6267
1496 6088
1797 5315
381 1832
3351 5272
5796 5469
5404 6193
6058 4114
5889 90
3821 4628
1532 3451
5077 928
2732 1209
5472 247
922 1100
5094 5998
2519 2729
4567 4064
4000 4887
3279 1503
970 5119
4471 4575
99 6382
2735 4965
2462 1369
5275 4178
6402 5214
5081 2215
6075 1715
2497 925
5509 5626
3754 6217
2178 3834
5819 1576
875 4956
5700 1549
3966 4522
4760 2911
1804 4632
6181 3475
3027 1954
2335 4449
3152 1572
4982 4350
4613 3507
4602 1550
25 3521
203 5376
4398 2819
513 6157
6514 1248
1918 3849
564 4831
4307 3282
4352 5327
358 1293
4373 4238
855 4847
1982 4597
2488 5100
4374 817
6138 441
3305 5665
2464 833
6159 2183
5572 469
4810 6279
3316 1563
4342 576
1032 5325
5179 5003
1473 6450
6100 347
1077 3786
921 3505
6108 1066
3989 3425
3093 6421
641 5223
2159 1780
4608 5912
4422 5699
5214 1745
420 958
3538 6023
3744 3294
1575 1633
652 6412
346 5257
3867 3881
2579 2146
163 6315
4462 38
5830 6495
5583 4823
1959 6214
5477 3388
1643 5606
4232 6056
3354 28
89 132
816 5757
1390 5936
5102 6496
4999 1959
1237 5218
5938 6259
4094 4866
5808 2836
2512 5068
4408 6101
5064 6277
1858 5741
861 3082
3116 4323
3589 3140
4585 4497
5746 5338
5026 5313
3603 6439
6443 5663
6194 6068
1506 176
426 3252
2393 2086
3045 4934
2081 4416
4711 3905
1884 1165
6442 2111
2515 2730
585 5421
1838 2181
860 1322
6395 4232
5683 3352
5429 5464
35 657
5266 4398
3911 2466
4656 6525
4568 5532
2554 4553
315 4297
3157 3912
5049 326
3068 2495
1397 2919
297 1010
6514 1004
3621 2842
4992 5866
781 5511
1534 2739
2724 411
3693 5919
4531 1786
4909 2451
2456 2180
1943 6252
1031 5189
3881 1661
6071 5749
2752 5958
4440 5674
2077 556
4865 1797
119 3932
4771 5055
2455 786
722 3883
522 1172
5128 3771
4427 982
1452 3707
3826 4938
3734 3168
2551 4476
5690 4803
4646 1955
5014 6503
870 4896
4521 4838
4503 1149
3545 6342
556 463
5765 2029
2024 1838
1240 1305
1054 3402
1241 2992
1465 4174
3586 597
3474 5858
5 2191
2530 2919
3251 955
5273 6369
6498 789
3548 1318
3901 2003
3723 147
466 1865
6370 4065
798 5008
1577 2537
2186 5611
6181 4161
635 3686
276 2895
102 5200
2184 4604
3564 101
3187 6416
4233 4681
1868 2407
5671 5750
4382 6255
2566 4239
2883 3049
4823 3276
2910 446
4051 3034
829 5521
2597 1196
158 2560
1683 5636
4807 2748
2753 5651
934 2397
6045 423
1533 3024
2677 5441
4179 1896
1106 3831
1194 5284
2192 6414
3562 2188
6382 2719
7 1004
3935 4874
5269 5579
5239 5488
4300 4695
3021 1356
5617 2038
4751 4582
1241 5186
2664 4301
5098 5737
5923 3878
372 2444
5658 394
2990 6315
1880 1713
6276 3405
1733 232
415 4443
964 389
6517 4404
526 2147
329 5513
255 5098
2627 5295
857 2680
3146 5828
2452 5191
4549 1193
912 4258
4235 3804
1739 1480
2104 2897
474 2507
250 134
1865 5955
5652 316
3730 1750
1639 2120
4111 6105
2563 2439
2880 1209
5861 2478
6063 3457
5880 5195
5780 5844
2615 1534
5345 3019
3919 5842
3027 4936
2633 2242
3937 2350
1972 3925
848 5149
5156 2051
4119 1417
3666 1414
1517 5207
1652 4589
4131 2391
2161 1693
2303 2797
6094 4446
413 1050
1515 3705
3444 5924
1080 397
5711 5980
4282 4666
5595 5289
2964 721
1721 2901
3485 3427
962 1320
5439 6426
3863 4638
3175 1658
2345 3226
6518 2747
310 3539
4768 6365
5277 1751
5056 2018
4840 4055
1327 6278
4171 1763
791 5507
5717 3662
235 215
1242 2119
5635 1364
2945 504
263 2177
5827 976
1436 3237
6463 1894
4227 777
5514 195
5909 1497
5377 5237
568 1340
2395 2674
4489 2281
232 3560
5575 1433
6454 942
6065 3694
3375 3151
5507 1956
5338 1018
2760 5441
1167 2984
3444 4662
2931 5629
3287 5692
3378 5693
3278 2706
1746 4160
6378 3310
3536 12
3337 4941
6312 6272
2698 2989
2823 623
1411 3019
1467 4134
1351 2733
765 4788
6208 2170
6340 3519
491 3204
5575 1518
2199 4551
2514 5211
126 2755
3268 2876
1969 5282
3542 4424
4423 3139
4335 4495
3246 2410
18 3105
5051 593
3670 3736
1805 3657
1275 1085
1777 2196
2260 6469
484 1901
589 6519
5770 4749
1371 621
2820 5322
2117 5714
1582 3158
1849 3347
1021 6250
4734 5811
5018 3675
1075 737
4871 3620
1153 400
509 6383
5593 4836
5196 4926
4058 4916
3129 1953
2506 6246
3288 1271
806 4259
1077 1706
3246 5491
1177 1800
4521 1831
1607 3836
1139 2306
3454 676
3479 212
5978 3626
3062 5344
2134 2804
5171 6331
1348 3326
895 2305
5796 4794
1582 5806
5104 3675
1676 3952
1532 1230
5451 3980
4712 3772
3458 3817
2259 3115
5535 6393
2498 5443
3370 1985
5347 4281
2259 6282
264 5482
5779 953
6123 4348
5647 4963
4284 6213
1457 5894
160 5219
4270 164
3181 1462
3331 2983
4061 2586
4791 210
5460 3496
86 6399
1406 4220
4320 3044
5522 5966
6194 4682
5139 1640
1750 2460
5368 4168
1650 6247
3144 2909
3107 805
2268 2328
5339 6207
4531 1995
1325 5763
2320 1753
5769 1600
3358 4717
582 4386
5129 2588
3189 4462
906 4243
1645 779
3674 2829
6227 1974
4976 2567
914 2711
3345 5343
4163 4911
3879 4252
208 1992
2276 97
6282 2988
2319 5057
5529 796
2077 3739
3824 2515
1651 4398
5595 1857
294 1614
508 3307
6104 4210
3200 6212
2622 521
3960 6001
2524 5842
5525 1983
3232 2186
1426 1517
3930 2561
5280 2240
4753 1796
4392 6485
3595 1330
1802 1656
5330 2521
1777 514
1775 1040
2054 3205
1730 3303
6368 4896
3207 4836
1821 4949
5388 1653
3688 2809
434 6397
5443 1484
4068 6493
5577 2065
2948 4480
4858 55
80 6489
2049 5977
3635 4785
3894 5776
6334 2209
988 26
5409 4771
6245 2448
2151 6425
6493 128
730 3825
4369 1958
4334 5191
639 3503
3103 1405
2554 5751
4230 2096
3852 2847
5729 341
2944 1284
6245 1638
247 451
4100 279
4124 3853
3786 6052
5381 5119
3004 4536
5536 2609
5420 4805
5500 2968
661 1946
1520 3645
4490 3840
1993 5290
4524 2631
4969 5823
1145 2931
3131 2613
3997 4834
6378 384
2779 2881
2658 992
1158 48
5154 867
592 3639
1229 5160
176 1451
5753 1836
2297 5364
2624 2312
1498 6158
2999 5678
5223 2619
3358 1505
3281 832
2625 5317
1710 316
3068 3292
3916 391
5386 2510
2400 1196
1843 1215
1201 4513
2305 2530
4787 3983
3718 6505
2611 1921
2360 4433
5137 94
4307 137
3935 4081
6166 2768
6248 3781
1477 5509
695 370
4822 1289
3654 1087
4438 5419
2039 5446
5501 3826
1508 300
1622 1101
3672 1380
3348 4940
1108 5669
5166 4871
4544 1512
3842 3476
4215 5099
1604 233
3305 670
2663 5989
2224 5689
3408 652
5190 4073
83 2289
103 3746
3773 295
4128 396
3468 2602
800 6041
2284 3869
4191 5975
4679 1328
3386 1091
3123 3862
3982 125
3821 2253
2081 3142
1860 3291
3279 1562
2814 1170
1001 2717
2083 3952
3551 2811
3219 2928
4391 3116
569 465
4630 6139
3210 470
3248 406
1413 5232
877 2425
5557 1774
639 3478
4184 1306
3977 1522
4076 1400
4396 2605
6354 1624
1223 3318
521 5833
2734 859
2422 6168
2639 5229
778 50
1213 6304
5149 5151
3304 4856
1844 1720
3341 442
4721 3017
5069 1337
3718 6435
5721 2741
5941 5035
558 5240
454 2805
1190 1008
1887 6439
1372 2559
854 5354
1146 5551
5404 3333
4470 780
3542 5326
4614 4035
5734 6064
5943 2826
324 2293
1792 2652
4670 2984
4219 3720
5250 2121
1765 1676
3904 299
4795 6058
17 445
1876 4380
5991 6363
5509 1896
1188 3829
4500 5402
4453 1067
4780 5740
5957 2486
1444 5745
3658 3651
3669 4512
1804 5172
2889 3450
1963 4369
2103 2724
5211 5959
3203 4910
1574 1041
2922 3585
3583 4495
2618 1936
2297 736
1189 3166
5360 882
2129 3224
532 1083
1169 1587
1727 4389
2867 2810
1208 532
3069 3779
799 622
2139 1874
4773 4079
5965 3751
2486 3262
3721 3477
1620 4559
4994 4607
719 138
4164 794
179 3467
2328 4576
1185 1699
2020 1882
5521 3685
1180 3689
455 3005
900 3030
3235 4678
2527 5768
3099 3243
4595 6205
5396 148
2554 5261
365 5127
5384 4490
4980 515
146 5426
6141 1931
2678 138
2552 2446
1729 5815
6321 6286
3172 748
6114 2496
4701 4760
5006 3022
2262 3004
1434 1007
4206 2906
3023 971
3891 3001
401 558
3831 2043
878 4615
995 4381
1307 2702
4470 4272
1756 4768
6409 5742
1200 6342
3515 53
3288 6466
4774 1862
3991 755
4956 717
719 5046
5802 5061
1772 181
902 1392
662 1724
2515 3873
4876 4478
5342 5402
476 4505
4142 6487
6112 1845
4735 2565
5167 5194
5486 4247
154 1064
3857 6328
2916 306
1036 5278
3607 4567
4503 6172
4906 1910
4383 6155
613 3221
5812 842
4498 1030
3524 2647
4800 3546
5814 4800
4984 103
6065 4007
5340 5487
545 5036
1893 6431
4614 2512
4064 5373
3462 5915
3395 6409
4527 3819
2606 3838
1865 6081
5283 2104
658 2737
5023 5067
1890 433
3208 497
5269 4397
2572 528
37 4822
1345 3748
1593 2155
3703 4093
328 2621
697 4246
4484 5026
5028 5576
2345 358
4524 4160
6119 5732
2250 3897
6156 2458
335 1090
3386 271
1368 2429
983 476
3986 3565
4291 4605
43 5021
4899 6469
511 6228
3344 4368
2855 5296
3133 4720
2441 4004
2207 5171
3028 2699
1904 5313
3699 2473
3356 627
5356 5848
685 1017
150 3271
3958 2405
3293 4086
3051 6071
5703 5043
672 5381
5804 4820
3298 4339
5482 697
3042 4491
509 4228
5882 2950
3613 2112
2179 2640
1150 5598
117 3961
5285 5436
4217 3861
3540 1490
1821 5951
2948 12
466 1365
4241 1196
5874 3327
6233 3143
576 1548
4543 2451
6064 384
2626 1914
1038 5241
5238 222
703 5205
4547 3138
481 5614
6086 2854
5203 3798
1847 4276
3655 4395
1542 2974
1046 5671
5550 3135
4725 2295
3606 536
3743 1178
3131 3153
772 3214
4473 2401
4144 3009
1887 456
70 6124
1680 2123
5887 6510
1573 761
4545 3434
4526 3124
2924 2407
6437 3301
1523 4083
2079 2894
522 5686
6268 3064
5564 4515
3332 714
4976 119
3967 6050
2793 6054
3929 5596
2667 2437
5602 5355
5385 4180
938 5938
5185 2232
2061 3577
1381 944
840 1674
2632 4148
5079 3231
2962 328
1560 2196
6432 32
2498 852
23 5336
1350 19
1177 868
725 750
108 270
1217 5954
6116 5501
4410 845
3319 409
3960 4079
5456 4245
784 5417
4234 475
5153 5327
973 3866
2342 5616
2650 6028
5645 2494
1316 5873
2277 5086
3416 4037
1475 2858
2404 927
192 2296
3267 557
3696 2480
5834 6329
5606 5438
395 1245
4324 6140
238 6506
2773 5120
5985 2251
4839 2478
1665 4289
4057 1220
5472 1705
3311 514
354 4690
1529 3398
11 2119
4432 5033
527 3006
464 1077
5147 6152
2046 5357
2371 970
2673 4899
4887 5800
204 4268
992 5409
2789 5803
4001 3149
5556 4135
5625 3395
5263 2710
4379 4899
2808 1166
950 6327
2064 3378
4922 3363
1920 6195
4846 2667
3205 3169
3441 4006
909 3014
4230 2267
6364 252
2973 5728
4982 2943
1193 750
2045 1895
1012 3060
3008 993
4900 5819
769 5406
3563 5147
2379 4221
258 1603
404 1853
5202 4604
4273 1103
1448 3760
5444 2578
2669 6417
2466 1590
92 217
1845 598
6009 2730
4150 5878
860 3571
3876 1123
6460 3964
891 3713
140 4601
4917 1542
2892 6087
1033 4085
2582 2503
493 4589
1021 868
2792 4626
1232 3142
5940 4762
4500 3220
4820 4750
6136 4889
1930 4154
4947 5621
4726 1330
123 5717
6479 5548
1323 2497
2375 6247
1626 1160
4015 333
1387 2717
5567 4055
435 2309
2070 5274
72 1399
2612 234
3995 2926
1153 3977
1407 3956
6282 5885
6105 4330
472 2639
1274 3607
1324 896
2020 4844
1614 5213
2886 2835
3585 3736
612 3245
3978 2017
6165 1845
14 6369
6113 6130
5531 1603
4781 6499
6362 3316
851 712
1245 4593
1797 6299
6040 4560
6234 3505
2413 2101
2762 5954
1497 2497
1270 5540
448 3792
3322 5069
4606 1654
4355 5709
1676 1871
1754 2781
3043 2652
5300 812
2774 1796
4853 2081
471 4125
3384 2185
5584 2112
2513 1354
2557 1543
4249 3972
574 6055
87 102
6471 104
1736 2165
1823 6444
5817 949
2126 1887
5925 6515
2733 2326
3572 5045
1640 6345
3109 2877
2285 6258
5926 6525
2085 1595
3560 2010
1695 5149
1889 374
2383 287
6263 2187
3984 5747
2728 612
4813 6522
3630 6131
2232 3790
1063 1754
2512 699
6296 460
3184 5801
4409 1673
4828 1127
3277 1400
4961 1980
497 3077
6313 5745
1246 5481
516 168
4712 788
1435 2296
883 1242
2637 2136
3860 569
5052 3570
6168 1940
4664 3057
3404 1458
2430 6230
7 4118
5111 3435
5353 4630
1778 1580
2906 1415
2273 1261
4296 1690
2025 6455
1168 91
6014 1295
3112 6267
4830 3767
2801 5828
1979 5477
6044 5220
4950 3962
2800 4346
4213 1562
1672 4486
3628 5949
3486 1540
1033 5547
4299 1015
4965 533
2984 3481
3733 4774
5738 2241
3534 514
6055 4957
5360 4869
3710 1625
875 1945
4891 5552
4141 3118
2915 4959
3372 5973
405 6001
1569 2907
3158 3900
1191 5058
4343 4578
730 2565
2891 2238
4580 4360
525 3479
5383 4
6352 4414
3767 818
3627 3298
990 2967
3691 2263
3079 1113
1490 5895
5699 2593
1506 5337
4404 4249
1094 5330
4127 3976
4012 1012
3112 875
2116 4804
4769 1223
4548 4089
2821 5796
1016 4311
2421 1537
1161 4274
4888 1116
1688 2512
499 2750
3042 5682
1117 3166
6034 5702
127 3443
5417 6199
4807 3528
3503 846
6473 2644
6449 5573
6148 2710
300 3514
5145 2853
1345 3475
5174 2374
4719 6494
4273 3226
5792 731
5128 1978
5744 2471
5411 4905
6443 1342
2255 6513
794 420
1170 5683
5731 5981
4851 2762
4319 5279
3626 2455
5201 4964
3998 1138
5090 6438
2662 4099
2706 375
1921 6002
304 5038
4710 4774
2700 6164
4723 4267
6047 3265
3116 4875
1772 1770
2601 4103
5435 1658
2116 1245
3488 5073
1938 2535
1089 4223
5788 1034
6072 4756
5639 548
284 6042
4475 1179
2682 6341
5694 5927
2726 669
2034 4385
1002 1004
4894 3662
3415 3403
5499 1307
3730 1327
949 4814
251 3525
1555 2369
2523 2908
6260 2510
4558 6017
2337 4935
5269 1005
5665 3072
3809 244
1254 349
1027 5172
879 2442
1404 716
1171 506
5872 5013
5593 5328
3844 2491
1915 433
286 2464
648 2257
4445 3487
4807 1066
1736 617
5685 3842
4107 4878
5131 397
6304 2923
2339 813
6285 5224
1725 4350
252 3973
1768 1338
2146 1273
4599 890
4571 3266
4153 1261
5633 897
1443 4707
2195 1640
5195 5077
1586 5623
6006 5976
1417 5999
2470 2628
2038 1543
5313 1988
1284 6207
3897 5539
1336 1941
915 1502
1980 6358
734 5137
3582 4363
1513 2867
499 1713
1210 2820
945 2194
430 4304
2903 1555
515 2326
4877 4646
5082 398
2610 1989
3033 3876
5023 2970
6480 1938
4953 4303
3305 5748
593 5792
3721 5640
191 4336
58 4819
21 1842
1115 4526
3034 6179
575 2430
2080 3275
67 2234
1498 429
196 4050
6165 2450
1299 3797
6126 681
1146 5837
4316 5903
4591 2837
1800 114
4397 1979
5288 2863
6012 1892
3871 2777
5290 5005
1336 1375
1774 4694
4167 306
3350 5449
4766 6217
2487 2341
161 6450
2376 6265
3299 483
3319 667
546 311
21 1755
1821 1162
4595 2051
505 2569
3684 3707
6519 3285
6223 6110
2952 2214
1668 2464
144 534
1923 1406
3078 683
1954 1720
3961 3728
963 4324
5626 1561
3253 5868
5427 937
4479 2165
2375 4195
2018 3448
2200 5497
2114 5511
2467 29
6165 913
4948 5556
3593 1125
6287 3877
1184 4702
3718 4870
2221 2800
6497 5781
5266 6405
4451 6379
127 3308
2269 5990
4680 5545
1626 3855
3285 367
623 5066
5555 3760
453 325
2290 2103
3523 4835
3732 671
3348 4652
4427 6355
3656 321
5382 3742
217 4537
1747 2151
1603 1915
852 4833
2417 3425
3787 3773
6326 1849
3949 2858
5928 5245
4041 2281
3119 3848
5896 3469
1960 2087
4805 6446
2963 5906
3109 5856
663 4882
3101 3228
5043 403
837 2196
2698 5584
1597 2904
6124 2723
3922 397
4013 4278
5672 4155
3676 477
1410 2884
3602 3951
1183 2252
4860 5448
6171 2255
4049 2334
5935 3832
5041 478
1004 1753
2479 2555
3410 1804
3592 4628
3543 1917
1971 2153
1942 3287
6427 2675
6271 3787
500 5419
5670 1321
1728 1411
3979 5158
702 1379
3719 5682
5412 5600
1216 827
345 383
5706 3289
3383 4483
1317 1485
4783 2947
4244 5900
2453 1953
1707 2252
2796 1497
931 4362
446 1526
3045 772
4970 5727
5844 3339
2546 1376
4554 884
2681 3942
2566 1758
6098 4276
3424 1622
3236 1737
6475 4421
2846 5887
1828 346
1484 2098
5355 3642
3918 875
6273 6440
289 1255
3459 3692
4088 146
4522 1980
4415 3875
3884 5755
550 1290
1838 3615
2075 2399
2280 4593
4623 5076
3314 2020
1531 4767
1493 3183
5610 5550
1131 1861
5226 833
2102 4837
3957 674
621 2299
5194 1789
3435 3362
4754 5586
4959 4514
3920 3097
61 3517
4801 6167
5760 5859
4587 5538
6062 4287
6483 5202
5435 323
5071 2684
1936 2981
3404 1570
3345 2482
1254 2848
2218 5629
1202 3565
3914 4982
6490 5186
4278 2073
1578 656
1089 668
4020 1495
1761 5541
991 5610
4784 2528
3492 2127
1105 134
1054 2534
1420 4498
543 3330
1961 1136
3656 3578
5688 4143
1813 3007
5906 3306
2400 6361
3285 2501
2531 2764
5072 3101
2168 5158
5308 730
5985 5998
5916 2561
2154 5421
3518 5773
3340 3896
1155 5675
1812 4504
355 2094
1704 1742
4129 2014
4585 5612
3074 3505
6071 167
5536 3895
3377 4619
625 5855
4417 2802
6159 594
473 2296
3723 5551
1785 1135
6348 2558
5689 375
4566 372
1859 4294
6230 1278
2199 1762
439 677
4304 346
6483 5178
4048 5174
488 728
3891 723
5131 5279
3999 1384
29 3909
1141 1901
4901 3478
1960 374
6380 3442
417 4912
1123 905
3916 405
6314 2929
2875 3986
1388 4468
2594 5416
3861 5862
2162 197
6195 6359
582 23
3830 5986
3017 889
5490 995
3554 4978
5939 1841
6457 5985
3606 4612
5870 800
737 4196
3307 1609
840 584
4429 3400
5784 841
4809 5897
2768 1410
277 2443
5082 4130
4708 2626
5939 5823
1053 6209
995 5211
828 4075
4856 2931
6217 3598
4667 3173
2388 3066
20 5785
2358 4217
3807 34
1142 2715
4761 1124
4956 93
3859 5186
4285 5577
2225 1667
3227 2769
2235 6427
3265 4032
1111 5287
332 5512
3091 4348
5337 6306
6235 5916
205 6381
986 3203
5669 4543
4117 5679
6518 3364
963 5357
1815 602
814 2677
755 3078
303 6262
2592 5046
2011 6165
3831 1498
979 3274
5608 6095
2531 3542
52 4308
88 1627
3858 6370
1812 5570
1066 3025
279 3090
5394 5049
4473 6038
5570 5041
3712 595
6054 856
1300 492
42 6274
1096 5457
270 4960
3716 57
5842 202
1204 5237
3686 643
5917 4822
3312 1671
5963 3121
6241 5304
3712 5110
360 5846
883 1344
4210 2163
4085 5366
5678 1415
3533 817
426 5525
3125 6392
4045 2369
5375 1504
2131 3405
5281 1911
5555 5950
3428 5958
6374 3174
3366 4907
290 2429
5682 4033
3050 4865
6415 4974
871 1952
2469 6332
5082 4787
127 5318
3745 2166
6356 3370
5710 884
4364 1864
4131 3261
1039 5075
423 4599
2566 1128
4527 2298
3142 5280
5642 1680
5234 5543
1452 1074
493 4316
4733 2467
837 3176
4646 4172
2108 96
1636 4199
3967 5174
4391 4706
3858 3321
4999 2703
3160 2424
6159 3501
1143 4364
3832 1637
6059 4180
542 5210
3463 504
5209 4587
4993 1429
3708 75
2108 530
3436 2294
1139 892
5070 1975
6482 4034
2843 3254
732 4775
5681 4724
4255 4254
5213 2234
1184 6191
2845 941
2898 5258
2109 3249
6426 1398
4574 1691
3754 576
1711 891
3154 3219
1853 528
1646 2802
2475 5853
6309 3233
4873 4629
345 4630
3729 2109
3216 5927
5878 1815
5346 1510
47 3743
6361 1065
3268 2964
5609 6149
664 6011
6484 5707
3516 4109
2585 131
4742 4762
1171 713
6377 605
6039 4535
786 296
5027 194
2790 4022
6137 4230
2630 4877
553 103
1129 5421
3853 2789
1307 1897
1075 4127
5687 1742
5130 5273
3300 73
3508 2193
5933 2018
1806 3706
6162 4119
2594 664
1662 1969
6481 6489
5212 2348
3742 1872
3678 3224
2251 4256
4265 2029
5117 825
2630 2163
3388 4005
4366 1068
4029 5447
614 3649
4709 4748
1514 1014
932 5080
5065 6363
705 4788
388 897
1000 5040
5562 4033
5705 4487
1939 4690
4869 4939
6156 1674
5525 60
3076 3194
1371 1355
748 13
4144 3739
4085 254
1783 3716
5398 5011
107 3083
169 4950
1884 6491
2215 5757
4957 2212
5312 3426
1470 637
6045 6084
4390 5138
5611 3029
1158 5908
1509 4972
5428 3706
4156 1605
1511 6333
472 2198
2093 1044
3792 3619
3600 5651
519 278
5211 3900
2747 5701
5850 980
1331 5616
4641 6441
747 283
1362 1932
6206 6313
6335 3139
5439 3738
957 4890
5898 2583
1291 2267
4520 2121
200 5725
5447 5983
4237 5460
3092 5443
2529 2693
5765 4587
5084 2585
6458 1820
3776 4985
1547 3587
5039 2485
3876 5225
1071 3202
5279 4248
5105 4777
1863 5977
5821 265
1885 1809
4546 730
2540 6393
4963 4744
5958 2324
5931 4972
443 4478
1571 1604
1098 4472
4243 4159
5881 5129
2011 319
2835 6162
6007 4868
4874 5892
4957 51
5229 660
238 3731
228 398
2394 2808
3985 1316
6445 1302
2176 2602
1884 1148
2366 2328
3258 4169
3099 2278
5848 1014
5278 1315
4331 920
6361 186
2948 3223
3517 4470
6325 20
1816 5750
2398 5623
5924 3421
5001 1197
3345 340
1060 1279
484 974
5533 3151
1485 1328
5847 4654
5141 1510
1048 6197
5318 759
6337 6024
1154 4580
3737 6512
2348 27
201 1852
2121 562
996 6053
4123 1241
229 5234
5322 4214
2148 4109
6222 1143
6020 3096
751 3804
2511 1577
1656 4797
5806 1893
3436 3416
5904 2852
1649 3215
1970 5467
6226 3700
3722 1831
5401 1560
3705 1001
1148 4781
2163 5546
133 1916
3331 990
5132 5014
5170 2859
3364 5739
6080 5692
121 4878
4400 2198
5030 394
5813 3271
6391 6478
3393 4671
3357 2203
4599 4499
5920 4576
678 6142
2045 3063
3702 2949
1253 366
2787 5192
2063 6496
3744 4570
2817 510
2134 5280
207 4295
5671 1428
5672 4711
2157 4296
22 55
2987 2432
1500 634
6469 1156
1616 4169
4501 4958
664 3380
2831 5750
911 419
1127 5811
4054 4367
3235 4211
5020 38
3789 213
1502 4693
5929 1913
6150 1460
5249 833
3644 3938
5797 6490
425 4792
3185 5572
3403 1863
4232 2140
3695 2372
2952 548
4946 3658
1110 3300
300 208
492 717
2937 5168
2072 2578
3734 2348
5091 349
4789 3453
3407 1735
5091 3052
5321 2046
5632 6292
1168 2272
3381 2091
1363 4594
1061 6010
2582 5799
1811 1772
2219 573
5946 6464
1760 1583
6019 2159
3427 2534
3819 4293
4928 223
30 1345
2482 4406
3333 1781
2255 4372
3240 5383
3256 3027
1959 2094
1971 3847
2816 5567
5751 4143
3853 5956
552 3998
1828 2647
891 383
4139 1097
6298 2092
3740 5782
1888 580
3540 1320
5335 4521
2095 5193
3303 4568
2275 361
316 5236
4262 2928
55 1479
3783 1798
4861 5972
1422 5597
6404 622
1682 2948
5688 3081
2570 3357
3346 4592
511 2932
2445 2421
2214 2562
2525 6445
4772 5281
3863 5907
6369 3297
4149 6202
154 1393
2441 4619
3820 607
959 559
509 4550
65 3188
4060 643
4475 560
3553 1332
2093 6327
1346 1235
4410 84
6046 4743
4982 3192
4350 2435
3075 2489
379 3940
2762 2555
5359 2080
3857 5261
1810 1553
2629 5576
5473 1602
1942 4298
1889 5911
442 209
4263 6523
1354 1659
2958 1949
5004 2061
2466 2896
4803 3972
4038 6066
2544 2275
2778 4869
5424 5405
1455 2144
4507 3504
6204 2513
554 6337
3413 3591
1353 4229
2955 6283
863 3605
3801 4993
1660 4939
3424 3969
6350 1025
1051 4070
5233 1060
3788 2
4471 3483
2024 3105
518 4092
4712 817
4016 5733
1738 6265
1349 1012
3101 1903
4612 187
4778 3449
5704 4825
292 4887
262 1766
1538 6054
4318 4965
1846 713
3270 6246
6007 4095
2823 577
586 3950
3711 1139
2427 5555
4041 4083
1934 5599
5341 3280
2411 4252
3412 4504
1281 5394
4495 4288
167 2108
5199 2332
2138 652
3930 4384
1247 4209
2691 4436
226 4367
4678 574
80 3442
5415 4651
5817 5380
4358 2883
1202 2680
6284 6523
1105 3201
2118 1458
1632 6073
6024 2594
6196 2737
2860 5324
6224 4246
5942 6015
3325 1236
2655 1703
2406 1622
2397 4326
3198 2845
4146 4981
190 3102
2156 6013
6351 5348
1655 4327
65 720
441 5644
3271 6482
1263 6173
1687 4278
5197 763
6058 3243
4538 4973
4431 4864
4609 6021
2023 4747
92 5089
236 1011
4430 2423
5509 2227
5008 641
5219 3832
923 2905
2642 3399
3328 2818
5043 2426
6060 4325
6494 27
4925 6206
4652 1084
5274 5484
4067 4915
5397 358
281 4107
6091 5979
5666 1454
5524 62
5080 4018
4701 2690
5371 2839
1432 6381
126 6027
3334 667
4133 2133
5254 4485
813 2267
658 1773
5705 5445
5880 1748
227 2669
218 1364
4546 4311
774 5874
3758 71
1184 282
3333 1510
280 3376
4768 1297
6403 3759
6336 3131
2545 3542
6092 3843
2357 1801
2352 3534
342 4152
1107 155
5109 6379
4632 634
2315 1525
5796 1262
3771 2954
4338 4823
4463 5995
4366 2962
3896 5869
1839 997
5027 2777
485 1076
433 5112
494 3230
2252 2951
5871 3000
3623 201
6488 4797
2616 1850
3134 1480
5858 3408
970 3407
5010 1202
329 3176
772 5994
4414 337
722 5736
5105 2777
907 2188
680 2782
3535 5987
4348 3293
2991 1814
4619 3556
2343 3593
370 3926
5022 277
2415 2464
3108 5835
1567 96
6500 5704
6429 5440
3592 1451
2832 3114
5631 5315
845 2525
5292 2941
4828 2077
3306 4385
4132 5946
3994 532
4325 1436
2245 2178
1116 5754
1067 1368
2309 1705
3337 2283
5198 760
5890 3419
2829 663
2759 3700
656 1171
5352 1389
3318 1187
4356 4117
1986 3571
6388 5899
1287 3056
4557 6048
2574 5411
4611 42
2568 2669
3414 3110
516 5478
1999 1898
6097 3648
3895 6376
5842 421
537 6156
5931 3806
5431 4474
5505 4668
133 2232
4881 1943
6392 1421
5659 5661
3040 1031
5399 5306
2099 5642
3703 4763
1188 4739
4532 3406
3510 263
5856 3777
2756 596
6162 3984
4949 3939
2545 646
3751 2223
4759 2254
4611 5497
5485 4530
1875 1419
701 2510
6502 6111
3201 6428
1721 2405
4683 6356
3064 3974
3844 994
2858 3048
3366 5870
3177 970
3780 468
2942 3925
3590 189
5863 3104
809 2855
6373 3462
6228 382
3644 5004
3572 2484
4121 2779
2887 165
5251 16
5685 859
4065 1088
3016 1994
1939 85
3140 5590
5736 6238
5267 1026
1649 946
6142 5995
3671 6415
770 211
4930 3165
2975 312
3671 2330
5142 2711
705 1143
1157 5247
1974 434
1036 5277
377 323
5908 4324
3426 4415
111 3981
2865 4219
4460 2488
1255 6135
6001 1118
5618 969
1500 54
5724 221
3619 6081
3264 5222
1449 6332
640 4971
6097 2938
2541 2314
5330 5790
5115 4302
4657 6280
5681 1928
2248 2353
3622 3752
6219 238
700 5638
3941 3475
3965 2554
6410 300
352 5195
6170 1664
6461 1588
989 1259
583 1690
173 5276
5592 4569
3332 6432
805 2220
1497 2887
2142 2760
4170 2899
5424 815
957 3597
5038 5516
5319 3653
6220 2089
4266 5555
4306 5756
1494 1344
6380 77
6264 3536
4599 2640
3348 4610
4955 194
2277 5427
4063 5723
1886 5828
1996 3422
5884 4518
932 5097
2055 4670
287 4160
3685 6186
4927 957
4550 5483
1242 4044
4560 647
6404 3129
1776 6282
2053 4597
1779 5683
345 3188
887 782
2713 954
2346 5651
4304 5619
1861 4026
2029 578
2267 6290
6207 910
2094 2373
2812 5528
5533 6292
463 4806
3948 4786
3655 159
4182 5104
814 481
1823 3841
5755 2414
4270 4917
241 3207
2054 3742
1535 3883
3772 3227
3373 996
1753 4894
2902 655
4954 1425
5227 3831
1531 4898
1876 2943
5976 1342
1348 4242
3664 6343
1910 1972
4089 1838
3802 1517
5837 5329
3444 501
6013 1989
383 2213
3213 3705
2122 1783
5208 2142
2674 6372
6042 3300
3828 5259
367 3593
5370 4946
1243 1327
5120 3749
5484 2754
4764 3576
1113 3179
2115 6158
5418 312
5271 2848
1259 4734
2783 4994
5911 2815
973 5532
2 4603
474 2311
3067 2683
2898 2960
5825 4201
2832 6235
4458 2303
625 1451
4572 5037
2033 292
4970 447
5676 3798
2376 377
5414 1527
4627 224
2369 5875
5198 1858
3102 2330
831 5030
2503 1256
1693 4982
625 5230
5624 3742
3624 3302
2863 3045
3583 5933
5987 3045
3244 3502
231 1106
5998 4741
2583 4822
1626 2714
1633 4790
1232 5064
2875 1395
2785 6211
6508 4090
2201 2518
386 1751
1848 5583
3682 3870
4144 1378
1042 4490
4291 876
4355 6267
4343 2251
5468 2322
3209 1985
648 45
2418 707
919 1260
5497 3204
6526 4897
806 3684
1795 360
3137 6404
1804 2816
2731 1545
611 5974
3242 6408
5735 641
735 4378
2017 4636
4137 1982
5063 5514
809 4715
3433 4528
3178 4479
2299 1066
2000 2623
706 1426
4048 4292
5864 5553
6143 585
4014 4527
47 2725
4525 6287
4566 1329
2627 330
5011 2016
453 141
3059 6452
6033 5405
5672 1392
2668 3499
3299 4271
3837 3261
5998 1294
4770 1803
1736 3672
5406 4450
1940 6259
4643 5393
4203 1748
865 4283
5671 422
3239 737
429 116
3765 1001
2799 2683
1658 2235
2708 5559
2185 3744
3973 2903
3548 5173
1752 250
2060 4720
4314 4772
5087 4108
6090 471
59 1890
1114 1020
4848 5670
3769 3115
4368 413
5400 4689
679 6368
3724 3913
1725 3382
4800 5579
5479 5751
1836 2977
4649 3129
3754 1859
1479 582
4827 236
2814 4625
3740 4632
861 4960
3622 1971
5453 5601
3799 4694
6262 4908
1751 382
5473 4714
4855 1776
683 6496
1215 1437
4464 2821
4900 4555
2071 459
416 3351
1290 3563
5093 4284
1159 2317
4102 6111
124 673
6375 5226
2803 2076
6144 4577
1015 4732
5494 5131
2965 2676
6046 1112
1907 1440
3944 2735
3901 6508
2992 410
5843 960
6160 1237
1266 4844
2346 4816
5352 1896
1957 5440
4705 4182
2357 2918
2394 4854
2450 888
3739 5866
3618 4468
665 6526
5325 5455
4747 747
4598 5832
715 3413
3855 567
4309 2791
339 4194
6343 3028
4175 5084
4302 3482
5661 6020
4710 3260
6096 4709
3885 6341
844 6283
4138 1552
5818 675
4328 5464
552 5922
6420 3430
398 4114
4309 5173
4674 3280
3566 5891
5452 1612
5159 5385
6424 3450
5354 5657
3616 351
6178 6366
1815 294
2784 848
4008 3808
3184 5403
4625 4988
3980 592
6460 1173
3935 4948
4098 2308
1326 3470
3203 4872
1825 2725
6005 4562
2660 122
597 6116
4245 2557
2323 3480
6033 4419
5549 1312
3841 5009
5381 1927
2954 3596
2362 1718
4475 6078
3665 6005
2001 4832
4117 939
2194 898
2969 5674
3071 6498
2165 1059
129 34
131 4910
5515 82
1321 356
2220 3302
3088 1067
3577 4793
1295 6008
5369 2006
1258 106
5673 670
5845 4883
5491 5121
2414 1557
295 3432
644 807
569 4795
6147 3085
4302 5422
2907 3286
1622 3311
3379 2460
5719 6455
2390 3260
6019 2626
6212 1602
239 6320
3323 2776
5499 5726
318 74
5589 803
4665 3874
4952 1180
442 3086
1228 6524
1224 2237
6259 397
2338 1621
5419 237
5748 6429
6451 1431
6100 21
5230 311
2475 1308
4821 3682
1269 2309
4539 1382
2900 509
1607 3049
2060 4518
1111 380
1656 4286
3283 5374
4341 1888
3643 4827
5062 2856
2874 2659
3453 5469
5298 5414
4996 987
5537 940
766 1999
4741 5367
1584 3282
2734 4184
3293 5482
4617 1234
4669 914
163 4989
5524 1224
2293 1431
5779 4929
4255 4487
5518 522
5297 1551
4246 538
5000 3144
958 4318
3409 3028
5738 789
5150 826
6365 6340
2992 6423
722 3927
5777 1755
5060 3208
2652 6219
328 5363
3910 5286
182 4997
4513 4374
2125 515
3256 1259
4347 1716
1329 5490
5228 2666
2430 3761
6464 6005
2272 1817
4020 4816
6459 6253
557 4381
6256 471
1215 1216
685 5816
4441 660
2605 2805
1981 632
5305 1377
4047 3551
4133 5733
3148 5677
3559 4320
2015 456
4607 6182
1277 1723
1992 6018
344 4573
5532 2222
180 6060
399 6192
5064 1332
351 909
248 5412
5712 1640
5640 3417
2409 4344
66 3683
1103 6045
6275 5666
59 1648
3683 2279
2979 791
3392 317
3474 4698
1692 4138
1198 6159
6331 6089
5493 2873
6064 6239
688 1373
2911 491
2795 624
3829 5183
5585 6270
6322 5419
4993 6173
1769 3310
1288 1370
853 849
3363 1292
2470 1967
4071 1304
3833 4492
1226 2170
2013 5386
4171 1930
4432 988
744 1341
2330 5387
3435 1226
5860 3243
1086 732
1044 3688
5571 4727
1227 2242
5856 4386
3094 3757
5865 92
3217 6451
2219 5503
5667 2600
580 136
2076 2629
5250 3976
5309 1728
2109 807
3915 3456
4967 495
2128 5177
4481 163
4405 5807
4226 5823
1794 6434
283 3655
1037 4326
132 1430
3726 2004
2280 300
4971 309
798 5770
1743 3374
826 6041
3838 5318
156 3489
3317 3945
183 6329
1397 1095
4588 2520
517 4904
6520 4080
5935 1264
4132 2825
5809 3115
2034 3523
3122 2890
1232 4725
5236 1889
6324 2889
947 4721
5411 5922
2830 3113
6026 995
6343 6148
5729 6367
5661 4440
3892 5839
3713 5609
538 764
1120 1441
6144 854
5655 5669
2399 782
5413 3130
6345 2183
4311 5996
5152 4804
3182 4277
2492 4691
6521 2129
2808 3659
2017 5458
323 6467
4007 272
3727 6346
1329 4378
5114 2548
5565 2575
1124 5276
196 6201
3469 2888
3130 3070
3225 3696
75 121
3160 2769
4484 4621
903 3419
2058 5779
2526 6061
3690 905
1144 4322
5224 5872
3564 4466
1662 1500
2976 4193
4970 4289
6050 5739
6169 3865
1731 2485
276 3958
2732 1495
2199 2389
3272 6302
6237 5588
6345 4244
3893 830
1166 3794
3332 2040
661 4316
1746 5762
5937 2439
6410 4380
3596 2204
5408 3890
2351 2127
1483 5232
2483 1019
5842 5807
3298 3677
936 1821
2556 218
1880 3465
221 3500
770 4250
5410 1469
4659 2843
4765 4048
6175 1812
4822 4306
3707 2550
3309 870
1598 5316
3711 4059
5820 5256
5392 5179
2088 3085
1499 1913
5189 1862
4737 4740
2341 2943
5178 4413
3230 2243
1886 1038
2875 3524
5344 4884
2454 3973
3038 1545
4536 3263
1931 2996
5256 6436
4745 1330
308 4371
2269 549
3060 5824
4052 80
3029 2698
1288 2437
6518 351
3947 754
712 1330
4112 1210
6057 1126
6367 2213
849 1935
3361 3214
4310 5929
5093 1468
2465 2075
5112 4253
2647 5681
4169 6363
1120 3149
1333 4798
2100 3997
4291 5907
3069 821
4212 1747
2919 2757
3005 1476
1034 4455
3413 6521
4282 5385
1802 2643
4748 617
2396 2950
5476 1288
6113 6516
4929 1544
4260 1905
581 1393
1478 6123
444 1854
5466 2779
1793 727
957 6456
2597 3340
6408 4744
6448 1671
2762 245
3873 5657
3953 4184
2431 4195
6063 5201
327 2470
5357 3255
3098 864
741 5831
1998 5942
3678 5222
2270 2653
5233 3192
6269 4021
25 6056
3681 440
5163 1181
2357 897
3077 6487
5304 2633
1169 168
1252 2568
643 4671
5807 5026
5563 2635
3954 2467
6250 3680
104 5540
1229 6201
1663 5437
5201 699
4463 718
3347 2608
3875 620
3321 2370
4444 1441
5389 3051
3951 4474
3420 4011
5260 4281
551 3403
1734 2245
1699 2278
6427 4755
5164 5845
2380 2173
930 2615
6190 1336
2329 2144
158 5193
166 6168
1420 5012
1750 2878
4903 4205
3515 1246
2208 818
908 4003
2425 2260
1480 6336
908 6204
1724 2571
561 3000
4431 5923
1581 859
5108 5406
1606 4997
919 5328
437 5926
6392 1186
4115 4731
5728 5113
5195 931
3485 4542
1176 2106
1757 3296
5500 3284
4200 4830
4814 5485
1628 5076
5771 2110
3168 746
6462 5131
4730 1033
6172 1715
1516 4990
393 4165
2997 162
767 3798
2718 3764
3793 2654
1639 1332
2065 5130
374 5786
4322 4163
5284 3797
2489 593
1518 5768
5291 4362
1922 1717
5063 1338
1509 2905
4203 4738
5715 5407
4997 880
2931 3791
2695 3230
886 4627
3762 1188
4043 1469
1877 2978
4538 3884
6103 1195
4857 2137
272 3141
4924 866
2225 1705
1351 2189
2229 1230
1083 618
3118 5519
5613 6120
1782 3421
3581 6509
1881 4126
4329 4357
4091 4264
230 5399
3640 993
5413 2569
94 631
6297 4430
6012 771
4426 5693
5140 5059
4595 2022
3123 4272
1254 1010
2607 4345
3053 4447
3567 4227
3542 3041
3231 2317
5457 3614
1847 2358
4026 2688
1486 5041
4383 6470
2847 5013
2505 1650
6251 3948
2049 1678
143 2222
3013 2938
1691 4367
637 3658
1575 3886
4597 2124
2306 2573
876 1846
5262 4035
2834 515
2408 1712
5434 4593
960 2126
3222 911
1260 418
1853 2449
2131 3957
3829 6025
1517 3907
2569 599
1095 535
3385 1420
791 2758
4535 4976
2510 4520
4394 2269
3306 2230
6480 6076
1501 6308
3349 5483
5851 3570
5352 4540
3069 574
2982 5102
6511 4343
2831 5307
6083 4789
692 2855
1548 5170
2576 878
616 6079
5320 6341
3594 4305
5630 209
5210 1942
2617 5231
2655 5132
3528 5897
2345 912
3813 1554
4634 445
2388 5948
1915 4684
1938 1886
5293 2767
3203 1923
3024 2177
5502 2659
5347 5404
3808 2789
6440 5115
296 3104
645 4798
1334 5984
2767 192
3485 3860
3596 2789
5212 4367
987 1881
4223 4654
5076 2169
1891 1623
1656 4282
2768 5670
1307 1156
3689 5407
2826 653
6373 4771
1372 2678
2490 3096
4290 253
2589 6022
426 1081
4009 2939
4241 744
1629 1040
1602 3783
118 2199
5485 3826
1511 4355
27 4209
1253 6123
271 5578
6053 2402
1224 4728
460 4764
1391 2305
6354 3295
6231 5064
140 4315
5245 2643
696 6146
1921 1908
2752 2580
5175 4517
3384 480
2281 2916
1126 4889
922 4648
1190 6221
2703 2329
2149 5423
1238 5684
1771 4329
1547 5125
5439 1678
6270 4074
2359 3113
2918 3165
1848 4797
2743 271
2249 3800
178 2008
3058 6338
6241 923
5202 2861
3846 6349
739 2271
260 3508
2207 4731
3567 4790
649 1100
5144 3582
6442 1633
1506 2408
2830 350
2972 1040
1181 4979
3899 1420
3360 1846
4682 1873
2965 6492
2666 3687
5019 2142
1498 3318
3402 3611
182 4209
2315 5941
1233 5772
5450 5240
1790 1861
6397 5647
933 1420
4626 4388
1462 5065
2588 2019
2734 3106
3782 2927
1137 509
658 3837
4356 1205
1122 3308
1741 6016
6017 5223
1896 308
812 5549
3054 1496
1092 3779
1681 2792
5838 208
5179 4101
4812 2268
5416 2674
889 4014
4037 58
1597 5168
4308 1022
5892 6331
4371 4868
6153 407
3784 4932
3948 847
5323 3693
1211 4542
739 1854
6454 6389
922 84
3829 4869
4076 3199
4588 3467
2382 3614
4042 5256
3581 2593
4699 3355
2850 2546
6056 427
771 2668
2453 1552
548 1556
3348 5983
829 202
5648 2216
5428 5656
4600 2982
5138 1830
5179 4287
6486 5053
4198 4875
4794 79
5003 3240
1878 3508
338 2679
5254 2547
1632 2804
4253 2625
678 1825
2924 4678
682 2775
522 1995
1579 3209
398 1605
407 3749
1956 1635
5728 6107
2194 2649
5883 6478
1157 787
2347 1178
6394 117
5752 3658
590 5490
1301 1990
694 4120
545 3073
2563 4269
5835 3152
4080 371
1892 3003
6484 2205
5721 5540
5920 633
5596 6293
1644 3464
752 617
3949 4753
2849 157
4218 6216
3903 3786
1244 3504
5897 3954
2583 2821
1348 5584
348 5693
2479 4631
2863 3387
5465 2027
2938 2207
5912 576
2889 3171
5016 3526
624 1924
3745 4336
6397 1568
5340 2611
785 2950
1686 6103
4559 4061
2947 5661
4361 4579
4905 5760
2132 4614
6360 1298
4983 4533
5300 831
5510 901
3072 4387
1549 5891
1316 1071
4007 5218
2416 4189
4968 3553
2226 3815
1335 2745
1457 2172
1610 2584
840 4697
2143 5147
4923 2749
1934 4808
2322 3976
1034 3
6384 5188
4531 3554
1643 2922
2581 5986
4318 2553
3120 6348
2340 1613
3369 5108
963 1601
5993 4629
1226 2019
1672 3259
2720 2077
4145 4185
4038 6457
3393 2304
5951 102
1898 1818
394 4025
4613 3141
3850 2454
1214 6223
5314 3475
5557 1278
6308 1568
1546 808
6239 1611
5591 3588
4071 6411
3078 6436
4644 2282
6135 1917
2300 2586
5361 1961
2928 3928
5100 2684
1617 1412
3916 2177
5730 5835
5557 2570
3028 1587
2851 2407
871 3503
2759 3827
3371 1326
1020 5231
4486 357
2896 5698
31 6297
3904 3464
1794 1579
1389 1995
3216 4916
1273 4650
5830 3837
4380 2596
967 2054
920 2692
4386 1280
3878 4074
1231 1071
4825 4470
2289 5727
3289 395
5018 3140
1379 2270
4549 835
1877 153
4002 2485
24 2125
3187 1337
277 4019
3011 1581
2940 981
4699 4680
5186 4234
1235 6254
5185 4932
6203 2797
3839 490
1303 2552
1463 3577
5492 5854
1187 2254
3402 2025
5433 3518
6516 6133
1045 5932
2415 1680
1445 5643
6120 5507
6138 3460
5180 4716
1812 6477
3345 3816
6033 4885
4358 784
4752 3642
1179 2393
343 2922
3296 1764
2265 2012
2462 1525
4362 1993
1911 3144
29 3513
4818 2914
6412 3617
4742 6396
2161 1403
866 4030
1965 3029
6084 3070
2819 904
5832 2883
5992 4817
3484 1184
2703 6407
3766 24
1342 62
5879 4521
6497 5594
57 5378
3975 261
3494 2616
3229 5314
2584 4740
6145 818
273 949
1286 523
4165 1765
5882 5988
2872 1560
3472 4727
3965 1013
2401 2772
1276 6244
4938 6263
1558 4329
5852 2713
913 1439
272 5136
2359 4847
3016 1856
838 481
4430 1520
825 5888
819 4651
4730 2956
5465 3469
636 3270
4477 3452
2776 3204
3273 451
352 408
1981 1635
3520 5462
341 801
3270 1669
3963 5214
353 1946
851 1367
6117 853
1852 6124
810 65
666 1761
4581 3984
3641 3563
2768 4656
4074 5004
4385 6339
976 1602
3087 2527
3384 233
2455 6272
3902 5327
836 1023
2906 1593
1354 6085
149 3976
6054 200
4257 4926
3473 5454
4420 2698
2562 2876
2313 5205
3328 1778
2369 185
1153 3884
4960 2697
2727 142
6353 512
6347 3446
682 4256
344 201
334 67
1601 3298
6428 1959
4571 3478
28 4046
1176 1040
4153 5161
3695 5097
2361 3501
445 1603
6122 5773
1362 5435
5759 5102
4884 867
4456 2233
288 365
5445 3334
1985 5515
406 4735
4480 1323
6198 52
4282 1272
2479 3549
5193 4977
2763 3702
1259 369
3252 281
1625 5317
2473 493
2618 2071
5768 3661
3768 3445
2727 488
6330 3659
695 2207
351 2966
520 2769
4823 1708
6106 291
6333 1001
6344 590
6314 5321
5143 5658
105 5011
5057 3936
4516 392
3473 4770
5613 4924
2687 4411
2211 3635
4284 610
2264 1408
687 4891
3612 4498
3239 4427
1055 4547
2915 6334
1319 561
3694 1070
3030 3747
454 4852
3531 3297
1316 4111
5877 502
5511 3715
1405 996
1083 395
5467 6082
5826 3486
6331 3047
5520 6153
5612 595
331 713
260 3128
794 1580
4736 3627
4373 4894
1354 3590
1086 1594
5348 5206
3937 381
2104 1446
1116 2261
3933 4207
1433 5135
5957 3800
1585 5668
4204 5063
2946 2239
4013 397
844 1608
5691 4541
5826 760
3197 1707
980 141
5235 4350
5221 101
2517 4269
5095 1016
3642 2266
2217 1651
1276 125
5235 2538
5343 2035
2788 4751
5626 708
4250 5131
2551 1238
3148 3349
3404 5371
3703 615
1366 2628
1423 1433
3054 3882
5622 3859
4859 3105
1432 1301
5682 1962
2655 3746
5083 2194
2723 5294
5403 5182
5564 6115
1702 4297
2634 5584
3133 2124
4399 1537
15 1591
1713 3418
4140 2592
628 1365
392 4193
961 1307
2808 2672
1416 3458
4709 2175
5187 1913
4349 4448
4477 5246
6357 4748
6326 4283
3488 2135
5132 4763
4758 1238 2909 832
2555 3358 5265 6053
4168 5855 1325 37
59 6167 2936 4787
1687 810 2790 5258
6393 3090 5803 80
4923 5152 2146 3893
4546 4413 5814 4278
5330 4289 2380 6112
300 4561 5075 5591
2773 1007 1098 2405
5249 2008 2145 1146
527 1073 5853 5235
5689 5336 2996 1089
2636 1131 3110 1668
5104 975 4399 4441
1042 140 2926 1675
3458 4599 5230 3416
4506 4152 3104 144
4611 5112 2099 4217
3674 1861 4797 5670
4213 4842 2342 4900
967 74 4635 5450
2960 5364 3767 1906
6369 492 2516 4207
3432 5450 5127 4728
5644 4236 3145 162
1236 2771 2686 5754
1910 275 344 2139
6290 6235 4445 2239
1073 3151 5200 5317
926 5192 4019 2047
1134 6339 6052 3479
6245 4524 1068 1234
948 6171 6066 5270
2901 1601 4937 1220
959 5105 5198 3982
4276 247 1026 4028
5379 2349 5081 5726
5585 6348 1989 5588
922 2423 4785 3148
3107 4310 2905 4072
3345 1551 4942 4322
544 3065 5891 1335
1748 1078 2042 4264
4787 5431 5995 5229
4643 5523 4560 2082
4003 1915 1166 1545
2384 186 721 3397
1111 4765 4668 1232
1697 1560 4857 4594
6365 827 4411 5543
2855 2264 3298 3151
3646 3045 4321 4821
4067 1165 2931 5054
4838 2016 3934 154
5929 3416 1394 6059
2736 2492 5021 3934
123 4467 3514 1694
526 2137 5843 3288
2152 4574 3782 3117
1911 5335 5609 4500
2080 2660 154 5644
3178 1404 227 4600
851 516 69 658
1590 3510 3661 6435
4111 2926 4249 4428
6282 2384 3047 5792
4592 5363 1988 2714
4915 5200 5937 6012
2105 249 2261 142
6223 4668 4458 2623
