5000 2 4999
1504 2026
1967 2729 1
681 2729 1
4271 681 1
3681 4271 1
3681 546 1
1178 546 1
4272 1178 1
1913 4272 1
1913 1633 1
1633 2655 1
2655 4822 1
4822 966 1
4506 966 1
4506 4688 1
1407 4688 1
1407 1435 1
1435 4871 1
2860 4871 1
2860 2150 1
2876 2150 1
2876 2141 1
2082 2141 1
2082 2240 1
2240 3655 1
4795 3655 1
2617 4795 1
3246 2617 1
1329 3246 1
1595 1329 1
1595 4729 1
894 4729 1
4434 894 1
3242 4434 1
4193 3242 1
4193 2081 1
2081 3492 1
3249 3492 1
3168 3249 1
3168 888 1
2763 888 1
2763 4553 1
4553 3713 1
3713 2981 1
1282 2981 1
1282 4546 1
4546 3075 1
1221 3075 1
1221 4763 1
4763 552 1
2858 552 1
1147 2858 1
2266 1147 1
4445 2266 1
3376 4445 1
3376 2962 1
553 2962 1
553 3176 1
3176 1603 1
2874 1603 1
2874 559 1
1319 559 1
1585 1319 1
1585 1203 1
1203 4883 1
594 4883 1
594 2242 1
2242 2632 1
856 2632 1
856 1882 1
1882 4318 1
3563 4318 1
3563 3884 1
3182 3884 1
3826 3182 1
3826 4355 1
3361 4355 1
2830 3361 1
2039 2830 1
1902 2039 1
1902 1605 1
1447 1605 1
2129 1447 1
2055 2129 1
4107 2055 1
4107 4158 1
4665 4158 1
4665 2727 1
2727 1630 1
1630 678 1
678 2197 1
2197 4173 1
4173 220 1
220 3340 1
3340 2798 1
1375 2798 1
1821 1375 1
4685 1821 1
3134 4685 1
3060 3134 1
3975 3060 1
4900 3975 1
670 4900 1
1462 670 1
2384 1462 1
2384 2713 1
2713 1784 1
2891 1784 1
2891 100 1
4162 100 1
4162 2966 1
3000 2966 1
721 3000 1
1290 721 1
4563 1290 1
3010 4563 1
3627 3010 1
3627 3458 1
4170 3458 1
182 4170 1
3071 182 1
3452 3071 1
2954 3452 1
2954 1096 1
1096 3299 1
3299 190 1
110 190 1
110 4787 1
2166 4787 1
2166 2682 1
3097 2682 1
2965 3097 1
2884 2965 1
1919 2884 1
3253 1919 1
3253 2273 1
2273 78 1
1586 78 1
1586 1565 1
1565 3898 1
3898 525 1
752 525 1
752 318 1
863 318 1
1563 863 1
4289 1563 1
1981 4289 1
1981 2829 1
684 2829 1
2958 684 1
205 2958 1
205 490 1
266 490 1
266 4463 1
4463 405 1
405 3557 1
1404 3557 1
4532 1404 1
4532 37 1
37 2482 1
3981 2482 1
3981 4815 1
1507 4815 1
1678 1507 1
2704 1678 1
2704 2167 1
2167 3864 1
3864 1841 1
1841 14 1
556 14 1
556 2831 1
3391 2831 1
2246 3391 1
2246 1449 1
1476 1449 1
1476 3532 1
3532 4814 1
3414 4814 1
129 3414 1
129 4141 1
4549 4141 1
4536 4549 1
4536 889 1
3040 889 1
3040 3699 1
1741 3699 1
1774 1741 1
4816 1774 1
846 4816 1
4052 846 1
4457 4052 1
4457 4964 1
736 4964 1
4431 736 1
4431 1119 1
1119 4429 1
3474 4429 1
693 3474 1
693 4719 1
4719 3733 1
3733 4191 1
4161 4191 1
4161 3038 1
2181 3038 1
2181 469 1
469 1850 1
1850 2587 1
2169 2587 1
2169 1222 1
2394 1222 1
2394 1983 1
612 1983 1
934 612 1
934 1709 1
2733 1709 1
291 2733 1
291 123 1
123 2694 1
1518 2694 1
1518 2309 1
2309 1415 1
1415 3269 1
3269 1992 1
1516 1992 1
1516 3463 1
3463 2441 1
1686 2441 1
2728 1686 1
2728 2622 1
2622 2567 1
1307 2567 1
1307 4849 1
4849 4164 1
4164 4668 1
4668 2432 1
4204 2432 1
4337 4204 1
491 4337 1
491 2025 1
2025 4134 1
1664 4134 1
392 1664 1
392 3484 1
3484 3320 1
4310 3320 1
3793 4310 1
3793 311 1
1509 311 1
1361 1509 1
1361 3469 1
4303 3469 1
4200 4303 1
3105 4200 1
3105 892 1
892 2148 1
1620 2148 1
1620 4933 1
4315 4933 1
4315 1321 1
1321 93 1
93 3335 1
3335 968 1
363 968 1
363 4247 1
4247 3613 1
3613 4135 1
2926 4135 1
3598 2926 1
3598 2255 1
4163 2255 1
2750 4163 1
2750 2572 1
2572 2856 1
2856 489 1
489 3169 1
3169 1472 1
1472 2318 1
2318 1377 1
1377 3332 1
3775 3332 1
108 3775 1
2695 108 1
1264 2695 1
1264 275 1
947 275 1
947 4690 1
1187 4690 1
1187 754 1
754 2422 1
4993 2422 1
4993 3119 1
3119 1076 1
1076 23 1
618 23 1
618 4416 1
756 4416 1
2099 756 1
4444 2099 1
4444 4208 1
4208 1522 1
2491 1522 1
2491 4514 1
1134 4514 1
1134 2499 1
97 2499 1
4045 97 1
4045 4649 1
1073 4649 1
4309 1073 1
4309 3870 1
380 3870 1
62 380 1
2651 62 1
2651 760 1
760 403 1
403 3381 1
657 3381 1
1530 657 1
1530 2613 1
2613 1386 1
1386 99 1
3888 99 1
3888 1422 1
3806 1422 1
3806 70 1
70 1350 1
1350 577 1
847 577 1
847 2196 1
1258 2196 1
256 1258 1
256 4345 1
4345 157 1
157 45 1
4085 45 1
4085 1975 1
17 1975 1
3948 17 1
1697 3948 1
1697 362 1
1274 362 1
1274 514 1
514 3508 1
2765 3508 1
2765 148 1
4800 148 1
679 4800 1
1799 679 1
3922 1799 1
3922 2369 1
2369 4936 1
1402 4936 1
1402 4071 1
3853 4071 1
3853 2492 1
2492 238 1
238 244 1
244 2376 1
2376 1840 1
3568 1840 1
3568 372 1
372 4777 1
2263 4777 1
1425 2263 1
610 1425 1
4024 610 1
4284 4024 1
4284 2159 1
2159 1623 1
1623 2847 1
1995 2847 1
1995 1004 1
1912 1004 1
1974 1912 1
3908 1974 1
2505 3908 1
3752 2505 1
3752 1175 1
1803 1175 1
1803 1696 1
1019 1696 1
1019 1326 1
1587 1326 1
1587 1924 1
1924 3499 1
4099 3499 1
4099 3838 1
2990 3838 1
2990 2178 1
2178 2083 1
924 2083 1
3284 924 1
3284 634 1
634 3953 1
3953 3145 1
3145 586 1
586 2073 1
63 2073 1
63 5 1
4991 5 1
1976 4991 1
1692 1976 1
1692 2389 1
3346 2389 1
3236 3346 1
509 3236 1
509 1234 1
4234 1234 1
4234 816 1
816 4299 1
4299 394 1
2656 394 1
2656 3679 1
3679 2390 1
1456 2390 1
1456 890 1
890 1798 1
1798 2754 1
3043 2754 1
3043 299 1
2262 299 1
2262 1668 1
1668 1846 1
3929 1846 1
3929 709 1
1672 709 1
1672 3967 1
3195 3967 1
4462 3195 1
3776 4462 1
3776 1105 1
3464 1105 1
2614 3464 1
2614 1086 1
1086 2890 1
835 2890 1
3386 835 1
2623 3386 1
3602 2623 1
3602 4214 1
4214 902 1
902 3692 1
3692 1454 1
2119 1454 1
1694 2119 1
766 1694 1
766 2574 1
2574 2899 1
2899 2705 1
1277 2705 1
1277 564 1
564 4955 1
4955 1224 1
1224 4954 1
833 4954 1
4582 833 1
1513 4582 1
2780 1513 1
2780 1256 1
1256 2698 1
2698 2618 1
591 2618 1
3023 591 1
3023 1755 1
1755 3080 1
3080 3878 1
2905 3878 1
2905 3189 1
4207 3189 1
4207 4920 1
4920 1314 1
1314 2583 1
2583 3410 1
1387 3410 1
3514 1387 1
4751 3514 1
1874 4751 1
772 1874 1
231 772 1
102 231 1
3103 102 1
3103 1944 1
4097 1944 1
4097 4509 1
3235 4509 1
3235 4898 1
4898 347 1
2204 347 1
2204 4010 1
4217 4010 1
4866 4217 1
4866 1658 1
4205 1658 1
4205 2370 1
2370 1963 1
1963 4341 1
4341 2887 1
4621 2887 1
2026 4621 1
2026 1555 1
1851 1555 1
1851 4428 1
4428 2467 1
4156 2467 1
4156 4818 1
3705 4818 1
648 3705 1
648 4929 1
1904 4929 1
764 1904 1
764 4004 1
4004 2442 1
2442 4718 1
4718 4819 1
1708 4819 1
1708 4529 1
4529 4808 1
2339 4808 1
2868 2339 1
3321 2868 1
3321 3012 1
3012 801 1
2162 801 1
2162 2557 1
2470 2557 1
2470 2592 1
1002 2592 1
522 1002 1
522 3375 1
3375 4182 1
4182 1079 1
1079 3831 1
3831 1181 1
1181 3553 1
2804 3553 1
2804 4371 1
4371 2636 1
2636 4211 1
4211 2808 1
2808 654 1
267 654 1
1621 267 1
1621 512 1
512 358 1
358 3509 1
3509 3785 1
3614 3785 1
3745 3614 1
3745 1405 1
2670 1405 1
2670 3980 1
3980 2512 1
2512 4121 1
704 4121 1
3336 704 1
3336 3832 1
3832 1110 1
1434 1110 1
1434 640 1
1616 640 1
505 1616 1
2472 505 1
2472 1149 1
1219 1149 1
3282 1219 1
3056 3282 1
2272 3056 1
961 2272 1
961 4755 1
4755 4450 1
3601 4450 1
3601 1459 1
3199 1459 1
3199 2147 1
1393 2147 1
1393 4773 1
4069 4773 1
4069 854 1
854 3640 1
3141 3640 1
3141 927 1
3807 927 1
659 3807 1
659 1543 1
1543 911 1
1900 911 1
1900 3437 1
3437 2428 1
2428 3102 1
3973 3102 1
4912 3973 1
4912 2188 1
2188 4828 1
4828 4221 1
3082 4221 1
3082 1479 1
3210 1479 1
3210 1480 1
1480 4395 1
4395 2433 1
2433 3920 1
601 3920 1
4922 601 1
3854 4922 1
3854 811 1
2577 811 1
2577 550 1
550 3021 1
506 3021 1
506 4117 1
1656 4117 1
1830 1656 1
1830 1528 1
3095 1528 1
4016 3095 1
4016 4874 1
2490 4874 1
2490 3355 1
4230 3355 1
4230 3682 1
3682 1066 1
1066 2048 1
2048 758 1
2534 758 1
3491 2534 1
3491 2916 1
2916 4786 1
1502 4786 1
1789 1502 1
1153 1789 1
1153 233 1
685 233 1
2146 685 1
813 2146 1
4498 813 1
4547 4498 1
575 4547 1
575 3277 1
3220 3277 1
1388 3220 1
1292 1388 1
3797 1292 1
3797 757 1
3693 757 1
4619 3693 1
4619 1494 1
3742 1494 1
1492 3742 1
1492 4139 1
4139 3861 1
2123 3861 1
2123 3161 1
3161 369 1
369 1443 1
3638 1443 1
3413 3638 1
3413 27 1
27 4281 1
2138 4281 1
2138 4104 1
4104 3551 1
60 3551 1
1864 60 1
1864 179 1
1693 179 1
1220 1693 1
4841 1220 1
4841 1624 1
770 1624 1
2135 770 1
2135 4021 1
4021 996 1
2591 996 1
2591 1685 1
4569 1685 1
4569 1436 1
1436 1836 1
1026 1836 1
1026 4626 1
4626 3970 1
1849 3970 1
1849 3280 1
3280 3462 1
1252 3462 1
1780 1252 1
1780 4236 1
4770 4236 1
2387 4770 1
2387 4095 1
4095 720 1
692 720 1
1828 692 1
1828 1338 1
2976 1338 1
3517 2976 1
1567 3517 1
4811 1567 1
1817 4811 1
1401 1817 1
1401 1117 1
3844 1117 1
3844 4835 1
4835 2136 1
2136 3200 1
3200 690 1
2211 690 1
2211 2585 1
2585 4540 1
4540 782 1
782 2290 1
1104 2290 1
1104 901 1
3206 901 1
2645 3206 1
3708 2645 1
3708 359 1
359 4698 1
2248 4698 1
1504 2248 1
2811 1504 1
2811 1895 1
1895 3429 1
1551 3429 1
2603 1551 1
2633 2603 1
1733 2633 1
1733 3781 1
3781 4982 1
4982 2941 1
1464 2941 1
1464 1568 1
192 1568 1
192 1356 1
1356 503 1
1758 503 1
1758 4979 1
4979 838 1
2922 838 1
4879 2922 1
2013 4879 1
2013 2125 1
2125 2439 1
4307 2439 1
4091 4307 1
3586 4091 1
3586 1593 1
2602 1593 1
2929 2602 1
2929 668 1
668 2886 1
2886 317 1
317 971 1
971 2121 1
1191 2121 1
1191 2747 1
2747 3223 1
3223 673 1
1675 673 1
753 1675 1
753 3234 1
2813 3234 1
2813 1724 1
1724 3916 1
3916 3763 1
3763 4776 1
4776 3255 1
3255 511 1
3009 511 1
3009 4780 1
3312 4780 1
3312 1084 1
1084 913 1
416 913 1
377 416 1
4053 377 1
2857 4053 1
4732 2857 1
4732 4842 1
628 4842 1
3440 628 1
3440 2949 1
655 2949 1
655 973 1
973 4606 1
4606 2835 1
2835 4526 1
4526 1597 1
1726 1597 1
1726 3360 1
3360 1442 1
733 1442 1
2017 733 1
2017 2280 1
2280 1318 1
1318 3976 1
3976 1609 1
4138 1609 1
2469 4138 1
2469 2016 1
908 2016 1
4527 908 1
4527 1024 1
1024 4277 1
4277 2268 1
442 2268 1
442 1592 1
1754 1592 1
1754 188 1
188 3812 1
3812 334 1
22 334 1
3278 22 1
2079 3278 1
1383 2079 1
3129 1383 1
4359 3129 1
1838 4359 1
1127 1838 1
92 1127 1
92 1324 1
3741 1324 1
3741 1956 1
1511 1956 1
2231 1511 1
2231 1739 1
1739 3441 1
1804 3441 1
2988 1804 1
2988 1928 1
1928 2038 1
79 2038 1
79 72 1
72 3647 1
3647 116 1
116 4433 1
2693 4433 1
2693 1834 1
631 1834 1
1089 631 1
1089 1242 1
714 1242 1
714 2786 1
2419 2786 1
2419 3439 1
4244 3439 1
4244 3644 1
3644 3382 1
2409 3382 1
2503 2409 1
828 2503 1
828 819 1
897 819 1
335 897 1
2947 335 1
3555 2947 1
887 3555 1
887 841 1
2986 841 1
3354 2986 1
3354 4346 1
4346 4490 1
1299 4490 1
866 1299 1
4797 866 1
4797 2963 1
2963 1140 1
1140 2784 1
3194 2784 1
3194 2030 1
2924 2030 1
3815 2924 1
3815 3432 1
1925 3432 1
1925 2383 1
4851 2383 1
3309 4851 1
4265 3309 1
3968 4265 1
2218 3968 1
1262 2218 1
2485 1262 1
4026 2485 1
4026 77 1
252 77 1
342 252 1
342 348 1
348 1130 1
2105 1130 1
4510 2105 1
1575 4510 1
1575 1897 1
1897 4353 1
4353 2064 1
2064 494 1
494 3516 1
3516 2322 1
4254 2322 1
4254 265 1
723 265 1
723 2007 1
1275 2007 1
1275 3383 1
3383 2221 1
2221 1544 1
1544 3457 1
3457 2936 1
2936 4301 1
4907 4301 1
4907 1285 1
1285 4990 1
1589 4990 1
2910 1589 1
464 2910 1
464 4485 1
3045 4485 1
3045 4951 1
4951 3991 1
3991 4023 1
4023 1188 1
1188 1369 1
1891 1369 1
1891 869 1
869 3924 1
4266 3924 1
3114 4266 1
3114 2565 1
3512 2565 1
3512 4384 1
4384 2115 1
2115 4902 1
4902 2417 1
2417 1343 1
1343 4981 1
3273 4981 1
2819 3273 1
3686 2819 1
3686 4304 1
4304 4924 1
3147 4924 1
4079 3147 1
4079 393 1
393 208 1
208 3027 1
3027 2907 1
294 2907 1
294 1760 1
3104 1760 1
3104 1526 1
1526 825 1
969 825 1
518 969 1
518 3052 1
2556 3052 1
2586 2556 1
2586 3937 1
1316 3937 1
1316 504 1
504 189 1
3860 189 1
3860 2103 1
2103 3526 1
1808 3526 1
1808 1604 1
1288 1604 1
1288 778 1
778 4864 1
4864 630 1
1063 630 1
1063 4947 1
433 4947 1
4534 433 1
4534 4109 1
2365 4109 1
1246 2365 1
1458 1246 1
1043 1458 1
4405 1043 1
42 4405 1
382 42 1
4535 382 1
1677 4535 1
422 1677 1
253 422 1
3530 253 1
4946 3530 1
2596 4946 1
2596 4500 1
4500 4338 1
4338 1232 1
722 1232 1
1131 722 1
1131 4697 1
4697 583 1
718 583 1
3626 718 1
3626 2509 1
391 2509 1
391 2710 1
2710 2796 1
4114 2796 1
4174 4114 1
4174 492 1
2274 492 1
2274 3180 1
376 3180 1
1878 376 1
4995 1878 1
4995 516 1
516 1663 1
2331 1663 1
2331 277 1
277 448 1
448 717 1
2666 717 1
1126 2666 1
572 1126 1
572 2171 1
725 2171 1
725 4474 1
4474 676 1
4722 676 1
4722 3992 1
3992 1276 1
4408 1276 1
3746 4408 1
2124 3746 1
2124 3511 1
3704 3511 1
4014 3704 1
499 4014 1
2519 499 1
1573 2519 1
1573 2735 1
2735 2600 1
1719 2600 1
1719 706 1
1852 706 1
2358 1852 1
2358 2275 1
3092 2275 1
2599 3092 1
2599 365 1
1230 365 1
2864 1230 1
2864 2507 1
3283 2507 1
2749 3283 1
2749 3846 1
219 3846 1
219 605 1
2555 605 1
3534 2555 1
1870 3534 1
1870 705 1
4644 705 1
2775 4644 1
1008 2775 1
2463 1008 1
4035 2463 1
4035 2445 1
2445 1577 1
1577 4242 1
4242 2989 1
3373 2989 1
3373 298 1
411 298 1
661 411 1
661 3676 1
4195 3676 1
4195 2020 1
4651 2020 1
4651 620 1
620 1945 1
1945 4291 1
2106 4291 1
2106 1144 1
1144 3723 1
2638 3723 1
3431 2638 1
2371 3431 1
2371 2077 1
2077 2465 1
4908 2465 1
4908 4541 1
1725 4541 1
33 1725 1
840 33 1
840 672 1
672 1776 1
1776 1423 1
1747 1423 1
2139 1747 1
1560 2139 1
3531 1560 1
2672 3531 1
2672 823 1
1778 823 1
1778 3138 1
3138 1489 1
4978 1489 1
4978 2180 1
2180 4587 1
4587 3302 1
30 3302 1
3181 30 1
1039 3181 1
357 1039 1
3338 357 1
2009 3338 1
3701 2009 1
4153 3701 1
4153 4122 1
2228 4122 1
1272 2228 1
1272 4723 1
4723 4593 1
4188 4593 1
4188 845 1
845 1632 1
1632 1824 1
1824 2120 1
2120 4171 1
4539 4171 1
4539 3436 1
3436 137 1
137 4046 1
3688 4046 1
3304 3688 1
1652 3304 1
1652 3909 1
3909 319 1
1381 319 1
1378 1381 1
1378 4391 1
4391 4020 1
2458 4020 1
3837 2458 1
3751 3837 1
1625 3751 1
3919 1625 1
3919 2751 1
2751 1728 1
1728 2206 1
1236 2206 1
2898 1236 1
2898 2142 1
2142 3308 1
2208 3308 1
2987 2208 1
1800 2987 1
1800 4788 1
1143 4788 1
1143 4209 1
4414 4209 1
2918 4414 1
2918 69 1
69 543 1
1021 543 1
1021 4249 1
3707 4249 1
3707 312 1
541 312 1
2549 541 1
1896 2549 1
2415 1896 1
2415 2914 1
619 2914 1
2948 619 1
3936 2948 1
3936 999 1
999 870 1
870 419 1
923 419 1
3374 923 1
3374 912 1
912 1650 1
1650 1535 1
1732 1535 1
1859 1732 1
1859 2028 1
3368 2028 1
4989 3368 1
1074 4989 1
1074 3881 1
3881 3438 1
4650 3438 1
4650 3994 1
3994 2627 1
2627 1032 1
1032 2571 1
547 2571 1
547 852 1
1578 852 1
1463 1578 1
4086 1463 1
2333 4086 1
2057 2333 1
2057 4392 1
2595 4392 1
2595 3556 1
2851 3556 1
2851 662 1
662 821 1
1257 821 1
2023 1257 1
3872 2023 1
3872 1554 1
424 1554 1
424 3727 1
3727 1332 1
2464 1332 1
2260 2464 1
1539 2260 1
1539 2956 1
417 2956 1
3322 417 1
3687 3322 1
54 3687 1
3142 54 1
2323 3142 1
2323 1801 1
3213 1801 1
3213 2388 1
3671 2388 1
1238 3671 1
1238 3158 1
2794 3158 1
4471 2794 1
4471 2462 1
124 2462 1
124 2108 1
1023 2108 1
3964 1023 1
3964 687 1
2568 687 1
1501 2568 1
1501 40 1
40 145 1
789 145 1
789 4239 1
4239 1259 1
1644 1259 1
4264 1644 1
1199 4264 1
1199 3965 1
2332 3965 1
2332 3262 1
3262 4362 1
4362 2015 1
2040 2015 1
2434 2040 1
2434 2846 1
2391 2846 1
2391 560 1
1116 560 1
2232 1116 1
2232 3915 1
3915 4146 1
4146 4859 1
4564 4859 1
3088 4564 1
3088 3955 1
810 3955 1
38 810 1
3328 38 1
388 3328 1
4857 388 1
4857 3406 1
4294 3406 1
2939 4294 1
2939 3453 1
960 3453 1
4012 960 1
4012 641 1
2241 641 1
2241 3448 1
325 3448 1
325 3827 1
3827 3816 1
4140 3816 1
4140 4455 1
4455 207 1
207 3654 1
3654 3388 1
3268 3388 1
3268 497 1
497 2946 1
2946 2035 1
2035 4100 1
1446 4100 1
2791 1446 1
2791 458 1
4495 458 1
4495 3172 1
3172 3573 1
807 3573 1
4887 807 1
3325 4887 1
3325 4522 1
222 4522 1
222 2271 1
2271 2609 1
4184 2609 1
4180 4184 1
4180 2000 1
2000 624 1
624 4648 1
4648 2307 1
3903 2307 1
3903 3897 1
3897 3275 1
3275 759 1
759 3481 1
4691 3481 1
4691 530 1
530 3389 1
4856 3389 1
3390 4856 1
3390 1417 1
2726 1417 1
2726 440 1
440 4399 1
2640 4399 1
1428 2640 1
1428 4061 1
4757 4061 1
4757 371 1
3289 371 1
3615 3289 1
3615 4737 1
2960 4737 1
2960 899 1
899 1169 1
1169 1293 1
1293 409 1
3993 409 1
2594 3993 1
2594 4605 1
4605 3851 1
1013 3851 1
2233 1013 1
2233 1347 1
4860 1347 1
322 4860 1
4949 322 1
907 4949 1
4598 907 1
4598 536 1
536 2663 1
2663 251 1
1508 251 1
1508 1877 1
1877 2285 1
1166 2285 1
1166 1189 1
1189 1701 1
2740 1701 1
1229 2740 1
3984 1229 1
3984 4845 1
1268 4845 1
1268 4268 1
4268 4198 1
4198 916 1
3018 916 1
3018 152 1
152 1171 1
1171 1648 1
1648 3143 1
3143 4426 1
4426 1969 1
1969 2671 1
2630 2671 1
2630 3265 1
3265 418 1
3974 418 1
4758 3974 1
2220 4758 1
2220 3887 1
4286 3887 1
4575 4286 1
4575 4972 1
4895 4972 1
4895 3276 1
3276 942 1
942 2642 1
1444 2642 1
4548 1444 1
1982 4548 1
2909 1982 1
2909 1943 1
1943 2270 1
2270 1782 1
1782 1714 1
1714 495 1
495 2191 1
2732 2191 1
2732 4884 1
4356 4884 1
4356 2559 1
2559 4465 1
4465 3545 1
3545 1072 1
1072 4081 1
4081 48 1
2413 48 1
2413 1749 1
4753 1749 1
4753 1520 1
1520 740 1
740 3856 1
2952 3856 1
2172 2952 1
2172 3923 1
3923 140 1
140 2721 1
4317 2721 1
4317 798 1
798 3730 1
4034 3730 1
3423 4034 1
3423 2405 1
2405 4684 1
4684 4324 1
642 4324 1
642 406 1
569 406 1
1786 569 1
4418 1786 1
1352 4418 1
1352 785 1
785 3902 1
3902 1398 1
1398 2789 1
2789 4423 1
4423 2100 1
2100 4145 1
3914 4145 1
3914 3907 1
2953 3907 1
2953 2852 1
2852 2155 1
2155 4033 1
4033 2637 1
2637 398 1
398 3398 1
3398 4036 1
4036 4625 1
1581 4625 1
1581 4119 1
4119 1413 1
4848 1413 1
4848 3585 1
3585 1512 1
2870 1512 1
2870 1150 1
1150 765 1
4187 765 1
4187 3370 1
3370 727 1
779 727 1
1766 779 1
1766 1204 1
1204 4393 1
3323 4393 1
3323 1594 1
1594 1634 1
1634 2392 1
3527 2392 1
3527 2313 1
4387 2313 1
4387 4639 1
2502 4639 1
3507 2502 1
3507 1977 1
3674 1977 1
1717 3674 1
1717 519 1
375 519 1
375 1265 1
1138 1265 1
4565 1138 1
4565 834 1
28 834 1
738 28 1
738 4646 1
1037 4646 1
4183 1037 1
2450 4183 1
4078 2450 1
4078 1579 1
1854 1579 1
177 1854 1
177 96 1
3019 96 1
1495 3019 1
3239 1495 1
3524 3239 1
3737 3524 1
3737 3244 1
3244 1698 1
1698 4401 1
4401 1793 1
4013 1793 1
4013 3873 1
49 3873 1
1570 49 1
1570 571 1
4489 571 1
2334 4489 1
2334 2154 1
3029 2154 1
4477 3029 1
3229 4477 1
3229 4629 1
4629 4554 1
4554 2578 1
728 2578 1
728 1884 1
614 1884 1
614 647 1
647 3331 1
3331 1457 1
1457 18 1
441 18 1
441 4165 1
57 4165 1
57 3706 1
4098 3706 1
4098 2529 1
1657 2529 1
1657 2093 1
1794 2093 1
1794 2547 1
2547 1810 1
1810 1225 1
1225 2576 1
2576 3202 1
4528 3202 1
122 4528 1
122 3341 1
4791 3341 1
4791 4363 1
1284 4363 1
302 1284 1
302 2216 1
2216 1248 1
1248 1873 1
4285 1873 1
4285 1313 1
13 1313 1
13 1971 1
940 1971 1
940 1557 1
1557 1957 1
3694 1957 1
286 3694 1
286 203 1
2145 203 1
125 2145 1
125 4611 1
1213 4611 1
1303 1213 1
2447 1303 1
2447 3848 1
2980 3848 1
2980 3548 1
4361 3548 1
3036 4361 1
3036 1100 1
776 1100 1
1827 776 1
1827 4202 1
4202 1743 1
1743 884 1
884 2130 1
2834 2130 1
632 2834 1
258 632 1
258 1738 1
1738 1111 1
1111 216 1
4488 216 1
4488 4151 1
3582 4151 1
2634 3582 1
4210 2634 1
4210 1372 1
1372 2329 1
2818 2329 1
2818 2401 1
2401 532 1
2089 532 1
1671 2089 1
1671 4853 1
1683 4853 1
1683 4965 1
3591 4965 1
2730 3591 1
2730 3542 1
1744 3542 1
4066 1744 1
2877 4066 1
2375 2877 1
279 2375 1
1748 279 1
639 1748 1
639 3396 1
1611 3396 1
1611 3893 1
1923 3893 1
2259 1923 1
2259 498 1
498 2560 1
2560 4580 1
3003 4580 1
3003 780 1
780 4959 1
4443 4959 1
1959 4443 1
1959 4602 1
1964 4602 1
1964 2821 1
2821 2653 1
1468 2653 1
1468 1614 1
1418 1614 1
1418 2826 1
2498 2826 1
886 2498 1
886 1158 1
1158 2517 1
1837 2517 1
1837 263 1
3109 263 1
3109 3078 1
4407 3078 1
4407 2579 1
2473 2579 1
2473 2825 1
2825 3879 1
3879 2069 1
4561 2069 1
2657 4561 1
3794 2657 1
3794 665 1
333 665 1
333 3288 1
3086 3288 1
3086 21 1
21 2179 1
4344 2179 1
826 4344 1
826 3811 1
3811 936 1
936 2799 1
2799 4473 1
3475 4473 1
12 3475 1
4725 12 1
4802 4725 1
4802 4432 1
4432 2226 1
2226 611 1
611 3949 1
1962 3949 1
2364 1962 1
2364 4479 1
2157 4479 1
2157 1723 1
1952 1723 1
4415 1952 1
4415 1033 1
1033 4290 1
4290 269 1
112 269 1
112 1569 1
3734 1569 1
3734 4825 1
4825 2756 1
2756 2838 1
2838 4574 1
4551 4574 1
2209 4551 1
2209 4083 1
513 4083 1
513 2250 1
2250 1887 1
1887 4320 1
4320 1486 1
1486 3622 1
871 3622 1
871 1643 1
1643 3318 1
3318 47 1
1914 47 1
2906 1914 1
293 2906 1
1368 293 1
1368 2343 1
2343 4702 1
4702 4118 1
2198 4118 1
595 2198 1
3631 595 1
3631 4342 1
3419 4342 1
3419 2912 1
4782 2912 1
4897 4782 1
4897 2338 1
2338 4727 1
2421 4727 1
2421 1700 1
972 1700 1
3572 972 1
2995 3572 1
590 2995 1
590 3590 1
1890 3590 1
1360 1890 1
3084 1360 1
4295 3084 1
4295 4404 1
3418 4404 1
3418 2052 1
2052 1410 1
1410 4524 1
4524 2669 1
2669 4997 1
4997 3400 1
43 3400 1
1483 43 1
1483 2426 1
178 2426 1
178 2174 1
2174 368 1
3543 368 1
2522 3543 1
2522 4760 1
4760 4586 1
4586 937 1
3267 937 1
3267 3757 1
667 3757 1
667 3393 1
3393 3493 1
4846 3493 1
2895 4846 1
2895 3620 1
3620 1331 1
1331 175 1
175 3571 1
2677 3571 1
2677 697 1
697 1825 1
919 1825 1
919 3222 1
3592 3222 1
249 3592 1
249 1950 1
683 1950 1
683 602 1
1226 602 1
2075 1226 1
2075 3515 1
3515 4658 1
2051 4658 1
3795 2051 1
3795 4323 1
4323 4588 1
3221 4588 1
3221 3098 1
3098 3777 1
2018 3777 1
1833 2018 1
3538 1833 1
3538 4427 1
2359 4427 1
2359 3005 1
3005 1198 1
1198 1610 1
775 1610 1
3617 775 1
3617 276 1
276 3983 1
3983 3059 1
4957 3059 1
4957 1358 1
1358 4027 1
4027 1049 1
127 1049 1
127 3616 1
2382 3616 1
2382 1228 1
1228 616 1
4810 616 1
4810 1376 1
4419 1376 1
769 4419 1
2865 769 1
241 2865 1
1496 241 1
434 1496 1
434 921 1
921 4375 1
4375 656 1
656 3447 1
3447 4596 1
4596 1411 1
1411 1998 1
1308 1998 1
1308 4550 1
2489 4550 1
2489 1771 1
4980 1771 1
4961 4980 1
4961 954 1
954 2310 1
3957 2310 1
360 3957 1
360 4721 1
3576 4721 1
741 3576 1
1335 741 1
1335 2086 1
701 2086 1
1676 701 1
2264 1676 1
527 2264 1
1409 527 1
1409 959 1
959 995 1
814 995 1
814 2866 1
4886 2866 1
2805 4886 1
2805 3871 1
230 3871 1
230 579 1
1205 579 1
4413 1205 1
1715 4413 1
2380 1715 1
2380 1392 1
1392 4681 1
4681 4326 1
88 4326 1
88 164 1
164 29 1
29 3178 1
3293 3178 1
4038 3293 1
4038 2801 1
2801 4373 1
4373 453 1
303 453 1
303 698 1
4804 698 1
4804 4096 1
4096 39 1
4747 39 1
4747 237 1
237 2207 1
3121 2207 1
1857 3121 1
1857 2548 1
4742 2548 1
4742 4963 1
3765 4963 1
3765 374 1
374 446 1
2862 446 1
2862 1420 1
1420 2078 1
4850 2078 1
4225 4850 1
4225 3290 1
2542 3290 1
2542 1519 1
1519 1426 1
1426 2748 1
2748 4928 1
3353 4928 1
3353 2406 1
2043 2406 1
2043 4039 1
2132 4039 1
3034 2132 1
2752 3034 1
2752 4976 1
473 4976 1
151 473 1
246 151 1
2368 246 1
2427 2368 1
2427 2712 1
2608 2712 1
2608 3337 1
3258 3337 1
3258 4113 1
4558 4113 1
1028 4558 1
1028 3774 1
3774 2934 1
2303 2934 1
1861 2303 1
3810 1861 1
3810 2235 1
2235 1266 1
2538 1266 1
2538 849 1
849 3739 1
2423 3739 1
2423 2785 1
2785 1009 1
1009 65 1
4019 65 1
1922 4019 1
2085 1922 1
2085 2606 1
2050 2606 1
2050 1080 1
4179 1080 1
926 4179 1
926 1165 1
3665 1165 1
1125 3665 1
1125 3307 1
2812 3307 1
2812 1015 1
3564 1015 1
2466 3564 1
576 2466 1
576 1353 1
1353 3925 1
3925 3753 1
2320 3753 1
2320 2850 1
2850 3755 1
4560 3755 1
4417 4560 1
4417 1455 1
2202 1455 1
931 2202 1
931 1337 1
1337 305 1
1055 305 1
3083 1055 1
660 3083 1
3604 660 1
2526 3604 1
3818 2526 1
4794 3818 1
2940 4794 1
988 2940 1
988 1529 1
4862 1529 1
3663 4862 1
1394 3663 1
1394 2903 1
4148 2903 1
4148 1148 1
2525 1148 1
2525 1317 1
2219 1317 1
2219 2598 1
2598 2562 1
4693 2562 1
4693 2004 1
4578 2004 1
4578 3839 1
3839 1651 1
3702 1651 1
3702 3124 1
861 3124 1
795 861 1
485 795 1
485 1986 1
2667 1986 1
2667 3726 1
831 3726 1
831 4977 1
337 4977 1
4891 337 1
4080 4891 1
771 4080 1
771 3295 1
2393 3295 1
1500 2393 1
2680 1500 1
2680 3719 1
429 3719 1
1155 429 1
4389 1155 1
4440 4389 1
3026 4440 1
3026 4154 1
3849 4154 1
3849 4475 1
4475 2245 1
2245 3917 1
3917 4311 1
4311 2973 1
2973 3201 1
4778 3201 1
1461 4778 1
1461 4105 1
4105 2824 1
2824 3685 1
1773 3685 1
1773 3311 1
3311 257 1
1237 257 1
1237 2783 1
4379 2783 1
4379 310 1
2293 310 1
877 2293 1
431 877 1
80 431 1
281 80 1
281 3743 1
3743 4966 1
3847 4966 1
3635 3847 1
146 3635 1
146 1737 1
288 1737 1
288 2199 1
2199 2247 1
1355 2247 1
4343 1355 1
4343 2703 1
2703 1930 1
1930 4590 1
4215 4590 1
4215 1109 1
3496 1109 1
3496 1987 1
1987 4212 1
4212 2816 1
3004 2816 1
4530 3004 1
1534 4530 1
1534 4360 1
283 4360 1
353 283 1
1164 353 1
1164 2495 1
2495 724 1
4615 724 1
2344 4615 1
1687 2344 1
3519 1687 1
3519 4142 1
4583 4142 1
4583 1807 1
4984 1807 1
3834 4984 1
271 3834 1
271 1667 1
1667 580 1
580 1990 1
1990 3254 1
1713 3254 1
1713 1712 1
115 1712 1
4767 115 1
4767 3111 1
3111 3503 1
3503 4340 1
4340 3177 1
1886 3177 1
1622 1886 1
1622 3587 1
3587 2404 1
2404 1497 1
932 1497 1
932 4009 1
873 4009 1
4031 873 1
4031 3466 1
521 3466 1
1042 521 1
1042 1689 1
3160 1689 1
3149 3160 1
3149 2444 1
2444 3219 1
3219 4799 1
1572 4799 1
1572 582 1
573 582 1
573 3179 1
273 3179 1
3880 273 1
2919 3880 1
2919 2454 1
2454 1088 1
1638 1088 1
2367 1638 1
2367 3175 1
3175 1869 1
1869 4894 1
4999 4894 1
4999 2541 1
2541 4411 1
1775 4411 1
2029 1775 1
4238 2029 1
4308 4238 1
4308 3055 1
385 3055 1
3672 385 1
1330 3672 1
149 1330 1
4783 149 1
4783 3696 1
2341 3696 1
2483 2341 1
2483 3446 1
3446 3803 1
4937 3803 1
531 4937 1
531 1291 1
2546 1291 1
2546 1245 1
1245 2879 1
2879 4402 1
4402 3535 1
3535 3479 1
2377 3479 1
2377 2104 1
563 2104 1
2616 563 1
2716 2616 1
3455 2716 1
3185 3455 1
3185 4037 1
4037 2140 1
2140 4555 1
121 4555 1
2647 121 1
1389 2647 1
1389 4904 1
4904 2626 1
2626 4494 1
1931 4494 1
166 1931 1
2091 166 1
3013 2091 1
3013 3677 1
3677 4032 1
4032 1128 1
1128 638 1
3191 638 1
282 3191 1
4222 282 1
3024 4222 1
3024 1163 1
1163 143 1
143 387 1
387 194 1
194 133 1
4713 133 1
480 4713 1
480 4232 1
4232 3467 1
3467 2515 1
2515 4406 1
4406 4441 1
4441 384 1
4057 384 1
4057 2839 1
2839 4435 1
4435 4054 1
4350 4054 1
4350 635 1
635 1517 1
4656 1517 1
4656 1545 1
1545 922 1
922 2144 1
1612 2144 1
1612 4385 1
4385 3637 1
3637 1112 1
3817 1112 1
3817 225 1
981 225 1
3031 981 1
4472 3031 1
4472 2184 1
2184 3650 1
3650 4192 1
3339 4192 1
3339 3658 1
2222 3658 1
896 2222 1
4380 896 1
4380 4442 1
4442 872 1
3409 872 1
4250 3409 1
4250 4025 1
4025 2605 1
2605 2067 1
2067 1014 1
1014 2607 1
2607 2006 1
1005 2006 1
321 1005 1
2793 321 1
2793 4279 1
1142 4279 1
2258 1142 1
3028 2258 1
3028 227 1
3352 227 1
3352 4329 1
3547 4329 1
3547 1200 1
1937 1200 1
4476 1937 1
4476 2961 1
2961 4801 1
1619 4801 1
1619 3231 1
3932 3231 1
3932 3700 1
4749 3700 1
1970 4749 1
1970 1349 1
467 1349 1
4333 467 1
4333 4008 1
4008 540 1
3319 540 1
3319 1132 1
567 1132 1
567 4876 1
4876 746 1
746 4464 1
4464 4882 1
4882 762 1
2882 762 1
2882 296 1
296 1336 1
4608 1336 1
4608 1673 1
59 1673 1
59 607 1
607 2759 1
2759 3498 1
3546 3498 1
3546 652 1
652 1872 1
2256 1872 1
2256 413 1
1591 413 1
3565 1591 1
1722 3565 1
1354 1722 1
1354 1184 1
1184 742 1
742 4696 1
4696 389 1
2476 389 1
1961 2476 1
386 1961 1
4903 386 1
4903 2778 1
2967 2778 1
2967 1075 1
1075 3372 1
3372 3664 1
109 3664 1
109 2486 1
2661 2486 1
1939 2661 1
1939 3624 1
3624 941 1
941 4261 1
4261 1239 1
1239 3127 1
719 3127 1
1688 719 1
1688 2554 1
2593 2554 1
2593 1240 1
1240 4677 1
1031 4677 1
1031 1412 1
4736 1412 1
777 4736 1
777 3351 1
3351 4715 1
2550 4715 1
2550 354 1
4507 354 1
3079 4507 1
3079 1328 1
1328 613 1
2337 613 1
2337 82 1
328 82 1
328 4525 1
1091 4525 1
4809 1091 1
4809 327 1
327 1306 1
3120 1306 1
1553 3120 1
412 1553 1
412 3609 1
3609 1040 1
2251 1040 1
2251 209 1
747 209 1
747 278 1
4087 278 1
4087 970 1
3607 970 1
2408 3607 1
2408 3819 1
474 3819 1
729 474 1
4512 729 1
4512 3068 1
3068 4865 1
3444 4865 1
3444 1012 1
3661 1012 1
1298 3661 1
1298 4448 1
4448 4728 1
875 4728 1
992 875 1
437 992 1
437 1322 1
3238 1322 1
3238 2982 1
2982 1011 1
1011 774 1
4347 774 1
4347 2340 1
1357 2340 1
1357 2402 1
2402 3033 1
3033 3314 1
1067 3314 1
2385 1067 1
2385 3606 1
1640 3606 1
1640 3883 1
3883 4714 1
3385 4714 1
1294 3385 1
1571 1294 1
3334 1571 1
3334 4330 1
4330 1862 1
1862 1025 1
677 1025 1
106 677 1
3760 106 1
3369 3760 1
3369 2978 1
2978 261 1
1241 261 1
1241 702 1
1843 702 1
1843 2658 1
2658 2501 1
2501 4175 1
4175 3077 1
1711 3077 1
1711 1345 1
1345 2711 1
2711 4745 1
4745 4738 1
4738 19 1
1267 19 1
3062 1267 1
3062 3096 1
3096 4436 1
2412 4436 1
2412 917 1
1921 917 1
1921 955 1
955 1297 1
1297 4935 1
4935 1524 1
1524 3405 1
3245 3405 1
1815 3245 1
4637 1815 1
4637 3363 1
2010 3363 1
2010 4634 1
4206 4634 1
94 4206 1
94 3784 1
1094 3784 1
818 1094 1
2702 818 1
2702 196 1
4094 196 1
4094 3593 1
3593 4454 1
4454 89 1
89 4538 1
1083 4538 1
1083 1941 1
1941 4155 1
4155 2355 1
2355 4708 1
4708 2588 1
1816 2588 1
1816 343 1
343 4568 1
4568 3392 1
2361 3392 1
1935 2361 1
1935 2429 1
24 2429 1
4672 24 1
4672 4752 1
4752 3886 1
3886 4591 1
1812 4591 1
1812 3313 1
3313 1036 1
1036 2739 1
2739 2411 1
1707 2411 1
4739 1707 1
4779 4739 1
4779 2709 1
584 2709 1
584 2149 1
3424 2149 1
1682 3424 1
4377 1682 1
1325 4377 1
1325 3230 1
4194 3230 1
1243 4194 1
1243 4497 1
4497 383 1
3461 383 1
4645 3461 1
4645 3891 1
425 3891 1
755 425 1
4496 755 1
4496 3714 1
3216 3714 1
3216 1727 1
2396 1727 1
1366 2396 1
4263 1366 1
732 4263 1
732 3 1
3 4376 1
4376 554 1
554 3660 1
2087 3660 1
4934 2087 1
4934 4325 1
4325 1244 1
3270 1244 1
3270 1680 1
4880 1680 1
4880 4386 1
4386 4280 1
4280 787 1
787 316 1
1051 316 1
1051 802 1
204 802 1
3575 204 1
438 3575 1
438 874 1
874 1311 1
1311 3327 1
1536 3327 1
1536 2403 1
2403 3174 1
3174 1867 1
1820 1867 1
3117 1820 1
1785 3117 1
4453 1785 1
4453 315 1
3979 315 1
3979 4858 1
4858 3402 1
3402 2097 1
2863 2097 1
2863 4854 1
1552 4854 1
1552 248 1
1764 248 1
1764 3326 1
3326 2760 1
4312 2760 1
4312 633 1
633 1445 1
3632 1445 1
3632 3710 1
651 3710 1
651 4103 1
3232 4103 1
3330 3232 1
9 3330 1
2201 9 1
1437 2201 1
4967 1437 1
767 4967 1
767 3646 1
3646 3233 1
3233 4931 1
4931 3298 1
3298 2575 1
2575 2234 1
2234 4 1
4926 4 1
4926 3300 1
3300 4167 1
4167 400 1
400 4913 1
4913 4336 1
4336 4181 1
4181 3426 1
4425 3426 1
4425 3934 1
3934 4458 1
3518 4458 1
1057 3518 1
1057 4731 1
4731 646 1
4821 646 1
66 4821 1
119 66 1
119 3697 1
3697 4640 1
436 4640 1
1124 436 1
4659 1124 1
68 4659 1
68 735 1
735 1253 1
929 1253 1
929 2942 1
3247 2942 1
3247 3256 1
3256 3427 1
1157 3427 1
3122 1157 1
87 3122 1
87 2295 1
2295 3001 1
336 3001 1
336 2158 1
800 2158 1
1098 800 1
2770 1098 1
4974 2770 1
939 4974 1
2753 939 1
2414 2753 1
2414 3892 1
1532 3892 1
1532 2871 1
2871 4893 1
4893 4241 1
4241 3995 1
3995 4400 1
2109 4400 1
712 2109 1
1007 712 1
1007 1145 1
1145 2096 1
2096 1235 1
1367 1235 1
73 1367 1
737 73 1
737 4664 1
3756 4664 1
3695 3756 1
3695 2316 1
4420 2316 1
4948 4420 1
4948 1642 1
1642 161 1
2736 161 1
2736 2920 1
2920 4789 1
2386 4789 1
2386 4925 1
4925 2205 1
2205 2767 1
2767 1231 1
1670 1231 1
1670 4050 1
4050 1233 1
1233 155 1
44 155 1
44 4772 1
4772 3433 1
3433 3938 1
3938 3089 1
3048 3089 1
3411 3048 1
3411 4543 1
3051 4543 1
3051 2699 1
2699 1201 1
2215 1201 1
4781 2215 1
3758 4781 1
3758 4115 1
4115 2317 1
2317 4397 1
4397 4368 1
313 4368 1
313 3007 1
3007 4370 1
4370 11 1
11 1866 1
1866 2224 1
2224 3744 1
1359 3744 1
1954 1359 1
1954 449 1
449 131 1
131 1705 1
1705 2346 1
1645 2346 1
3841 1645 1
3841 1370 1
4930 1370 1
4930 4049 1
4049 2192 1
2192 2533 1
1629 2533 1
150 1629 1
150 2628 1
2628 3562 1
4056 3562 1
4056 1414 1
1414 1062 1
1062 3865 1
4482 3865 1
4482 3653 1
2779 3653 1
2779 4878 1
201 4878 1
201 1363 1
1363 851 1
477 851 1
4603 477 1
4603 1085 1
1085 2186 1
1301 2186 1
4689 1301 1
4689 1194 1
2095 1194 1
3205 2095 1
3205 1991 1
3483 1991 1
4889 3483 1
4889 1118 1
1118 3928 1
3928 4730 1
4730 4910 1
2068 4910 1
2456 2068 1
4260 2456 1
2611 4260 1
2611 4597 1
4382 4597 1
4382 4683 1
4647 4683 1
2746 4647 1
2746 1 1
3643 1 1
1077 3643 1
1844 1077 1
1844 3130 1
1985 3130 1
1903 1985 1
1903 3597 1
3597 3764 1
3764 1152 1
1152 3305 1
3305 2437 1
2437 2894 1
2894 4812 1
4812 963 1
117 963 1
117 561 1
561 4610 1
3090 4610 1
3782 3090 1
3782 2911 1
2911 2897 1
2897 2254 1
2254 2468 1
2468 3226 1
1736 3226 1
1736 1909 1
3904 1909 1
3904 4101 1
4101 3740 1
2347 3740 1
2347 3144 1
1182 3144 1
1182 1053 1
2842 1053 1
2842 3843 1
3843 4769 1
2734 4769 1
2734 3935 1
2983 3935 1
1300 2983 1
1300 3480 1
3480 1283 1
1880 1283 1
1880 484 1
484 822 1
822 3550 1
3443 3550 1
4288 3443 1
4288 2362 1
2362 4906 1
4861 4906 1
290 4861 1
1485 290 1
1485 2351 1
2351 1783 1
4137 1783 1
4137 885 1
2807 885 1
2807 976 1
976 2477 1
2477 2372 1
3358 2372 1
3358 2692 1
1574 2692 1
1574 2152 1
2152 3190 1
452 3190 1
2944 452 1
2944 4666 1
1926 4666 1
1796 1926 1
1796 529 1
2054 529 1
2054 3823 1
4235 3823 1
4235 2873 1
2873 128 1
2769 128 1
2769 4172 1
1795 4172 1
4227 1795 1
3560 4227 1
3560 524 1
4519 524 1
2524 4519 1
4960 2524 1
3684 4960 1
3188 3684 1
952 3188 1
2678 952 1
2678 3371 1
3371 2084 1
2487 2084 1
2487 4298 1
4298 883 1
883 2022 1
3595 2022 1
4566 3595 1
4566 4914 1
4914 2236 1
2005 2236 1
4041 2005 1
4682 4041 1
4682 297 1
297 2552 1
1835 2552 1
2034 1835 1
4178 2034 1
4178 895 1
895 4803 1
4803 215 1
3460 215 1
4896 3460 1
4896 3544 1
3544 2723 1
3146 2723 1
2425 3146 1
2425 2659 1
2707 2659 1
4424 2707 1
4424 751 1
1059 751 1
2200 1059 1
2452 2200 1
2452 407 1
4844 407 1
1048 4844 1
1048 1068 1
1068 958 1
345 958 1
345 2065 1
2690 2065 1
2690 346 1
4437 346 1
4437 808 1
4447 808 1
4447 744 1
744 4063 1
1515 4063 1
1515 3241 1
3241 114 1
114 1503 1
1503 476 1
476 168 1
168 4768 1
4768 4655 1
4655 4623 1
326 4623 1
4282 326 1
4282 1296 1
1296 4233 1
4233 2353 1
2176 2353 1
2176 3629 1
3750 3629 1
3750 1170 1
1170 323 1
323 3625 1
1333 3625 1
1333 2984 1
3207 2984 1
694 3207 1
3261 694 1
3261 2950 1
2163 2950 1
2163 4830 1
4830 2849 1
2849 848 1
848 4321 1
2296 4321 1
2296 824 1
4633 824 1
4633 4638 1
1379 4638 1
1379 1400 1
1400 4082 1
906 4082 1
906 3877 1
3877 118 1
118 891 1
2701 891 1
2701 4617 1
259 4617 1
259 4692 1
4692 4699 1
4699 408 1
408 4917 1
4917 2187 1
2187 731 1
399 731 1
557 399 1
1607 557 1
1607 3552 1
3552 3504 1
3502 3504 1
1271 3502 1
2212 1271 1
2569 2212 1
2569 3240 1
3240 1473 1
3610 1473 1
3610 3990 1
3990 352 1
352 3618 1
2410 3618 1
2410 4468 1
268 4468 1
268 3495 1
160 3495 1
5000 160 1
671 5000 1
671 4987 1
4987 3712 1
3712 4128 1
4128 538 1
538 3943 1
3943 1980 1
1980 4604 1
4765 4604 1
4460 4765 1
1160 4460 1
4112 1160 1
4112 4007 1
2828 4007 1
1287 2828 1
2253 1287 1
2253 3930 1
3497 3930 1
3342 3497 1
4609 3342 1
4609 2991 1
2991 1206 1
3596 1206 1
3198 3596 1
3198 2175 1
4125 2175 1
4125 456 1
456 1965 1
4253 1965 1
4253 3209 1
3209 2279 1
2279 3227 1
3227 2024 1
1910 2024 1
3445 1910 1
3445 1582 1
2041 1582 1
2041 2195 1
4126 2195 1
4126 501 1
501 1875 1
689 1875 1
2714 689 1
2714 1596 1
3748 1596 1
3748 2080 1
3899 2080 1
2239 3899 1
2239 184 1
184 2448 1
2448 2654 1
2654 3037 1
55 3037 1
55 1968 1
1968 390 1
3673 390 1
3187 3673 1
3187 3017 1
3017 983 1
983 3649 1
3649 4831 1
4831 1548 1
1548 1416 1
1416 4855 1
3459 4855 1
2164 3459 1
2933 2164 1
2933 2424 1
2424 3157 1
3157 2787 1
1136 2787 1
1214 1136 1
1214 3766 1
3766 153 1
153 1731 1
1731 4508 1
4508 4203 1
558 4203 1
4357 558 1
1779 4357 1
1779 1078 1
2921 1078 1
1058 2921 1
2278 1058 1
2278 3170 1
3170 3272 1
1706 3272 1
1706 1639 1
1639 2537 1
2161 2537 1
2161 4258 1
4258 2892 1
1730 2892 1
1853 1730 1
1853 1047 1
1047 2757 1
2757 3799 1
773 3799 1
773 925 1
2062 925 1
3243 2062 1
2917 3243 1
1305 2917 1
53 1305 1
1933 53 1
3885 1933 1
3885 2904 1
2904 3960 1
3960 4493 1
4493 4213 1
2488 4213 1
4756 2488 1
1576 4756 1
1576 4349 1
4449 4349 1
2059 4449 1
2059 715 1
181 715 1
181 1829 1
1829 544 1
544 3809 1
3196 3809 1
4152 3196 1
4152 3759 1
3759 186 1
2484 186 1
2484 4710 1
4710 270 1
270 1172 1
3808 1172 1
56 3808 1
56 3549 1
4469 3549 1
4469 2363 1
2363 3680 1
3680 415 1
415 2520 1
4074 2520 1
2928 4074 1
2928 2032 1
2032 1710 1
3041 1710 1
4712 3041 1
2597 4712 1
4177 2597 1
4177 3648 1
3648 734 1
734 4314 1
1832 4314 1
1832 4764 1
1193 4764 1
1193 1527 1
1527 3266 1
3266 3197 1
3197 3054 1
1918 3054 1
3963 1918 1
217 3963 1
217 1460 1
1460 1470 1
1470 1304 1
2684 1304 1
2684 3858 1
589 3858 1
589 2480 1
2781 2480 1
4273 2781 1
4273 3718 1
1060 3718 1
1060 2019 1
2019 356 1
356 4985 1
4985 1016 1
1016 1408 1
1408 627 1
1826 627 1
1385 1826 1
4679 1385 1
378 4679 1
378 3814 1
3814 585 1
585 3732 1
4466 3732 1
2688 4466 1
107 2688 1
2998 107 1
2998 3913 1
6 3913 1
1341 6 1
4872 1341 1
4872 4064 1
4064 171 1
120 171 1
2203 120 1
4826 2203 1
4826 1475 1
3652 1475 1
1772 3652 1
2853 1772 1
2853 2615 1
2615 2570 1
4923 2570 1
1114 4923 1
1114 3044 1
3773 3044 1
2584 3773 1
2584 2443 1
3118 2443 1
4759 3118 1
4759 2833 1
2833 653 1
674 653 1
674 1499 1
1499 136 1
136 4643 1
2286 4643 1
2286 4237 1
2955 4237 1
2955 944 1
4899 944 1
4899 1000 1
1000 3186 1
3486 3186 1
3486 3926 1
198 3926 1
198 3828 1
3828 1934 1
1934 4613 1
3569 4613 1
2449 3569 1
2449 1583 1
1583 3523 1
2696 3523 1
2696 2619 1
2619 4077 1
1929 4077 1
1929 180 1
180 4410 1
4410 3639 1
3639 3754 1
3485 3754 1
3485 3589 1
3589 4915 1
3942 4915 1
3942 711 1
711 1916 1
4516 1916 1
4516 1027 1
85 1027 1
85 909 1
2282 909 1
2282 3709 1
4003 3709 1
3042 4003 1
3042 3944 1
3944 26 1
637 26 1
637 4189 1
792 4189 1
3128 792 1
3128 3303 1
3303 450 1
4274 450 1
4274 4136 1
4136 3350 1
3350 1466 1
1176 1466 1
827 1176 1
4257 827 1
4676 4257 1
3395 4676 1
3500 3395 1
980 3500 1
980 517 1
2170 517 1
2170 475 1
214 475 1
4383 214 1
574 4383 1
3825 574 1
1997 3825 1
1997 4149 1
2190 4149 1
2832 2190 1
2832 1374 1
2112 1374 1
1217 2112 1
797 1217 1
500 797 1
500 404 1
404 1684 1
461 1684 1
461 680 1
680 1966 1
64 1966 1
64 1180 1
2475 1180 1
2475 2660 1
2660 2504 1
2504 2629 1
3067 2629 1
3067 3540 1
3656 3540 1
3656 4503 1
4503 4939 1
4939 4839 1
4839 4754 1
4048 4754 1
4048 4372 1
4694 4372 1
4694 545 1
545 3901 1
4398 3901 1
3066 4398 1
3554 3066 1
3554 3108 1
3108 183 1
183 254 1
1020 254 1
2975 1020 1
2975 1092 1
1092 3941 1
3941 2536 1
1879 2536 1
1879 4956 1
4956 2724 1
4916 2724 1
4867 4916 1
4867 3805 1
3805 1342 1
1342 3162 1
3125 3162 1
3125 4123 1
4123 3666 1
3666 4601 1
2457 4601 1
4067 2457 1
4067 3324 1
4607 3324 1
1450 4607 1
1450 2861 1
2861 3513 1
3513 1371 1
1371 4576 1
4576 141 1
4971 141 1
2398 4971 1
2398 2969 1
636 2969 1
636 3830 1
3830 1588 1
1588 664 1
1451 664 1
4223 1451 1
4223 3422 1
4421 3422 1
4421 3417 1
3417 2817 1
2817 373 1
373 3599 1
865 3599 1
3581 865 1
4259 3581 1
1847 4259 1
1346 1847 1
20 1346 1
20 4269 1
3736 4269 1
2349 3736 1
2478 2349 1
2379 2478 1
2379 1636 1
1636 165 1
165 432 1
432 2646 1
2646 4390 1
4390 366 1
713 366 1
713 330 1
330 786 1
786 4562 1
3442 4562 1
4589 3442 1
4571 4589 1
262 4571 1
262 4695 1
4695 3259 1
4396 3259 1
67 4396 1
1090 67 1
4911 1090 1
4911 3645 1
3896 3645 1
3896 3047 1
439 3047 1
4316 439 1
4703 4316 1
1561 4703 1
2964 1561 1
2964 2563 1
2774 2563 1
2993 2774 1
2993 4075 1
4075 1478 1
2312 1478 1
2312 1196 1
2177 1196 1
2177 2194 1
2194 817 1
817 4988 1
2044 4988 1
2373 2044 1
2373 974 1
1765 974 1
1765 2902 1
2902 2518 1
2518 1618 1
1618 3529 1
3529 2738 1
2738 1769 1
1406 1769 1
1406 4502 1
3703 4502 1
4354 3703 1
2002 4354 1
1848 2002 1
1848 946 1
4709 946 1
4709 75 1
3722 75 1
3722 4451 1
2971 4451 1
2971 4599 1
4599 1123 1
1123 3407 1
3570 3407 1
3570 35 1
3451 35 1
3539 3451 1
3539 1584 1
1584 4197 1
2330 4197 1
2330 1947 1
1947 953 1
2306 953 1
2306 3840 1
3478 3840 1
3478 3136 1
2845 3136 1
2845 2782 1
2782 2128 1
2128 4199 1
4199 3588 1
3588 3895 1
3895 496 1
4653 496 1
4660 4653 1
977 4660 1
4486 977 1
533 4486 1
4996 533 1
3533 4996 1
3533 3669 1
3669 4017 1
4017 4837 1
81 4837 1
81 370 1
451 370 1
858 451 1
4577 858 1
4577 2717 1
2717 2061 1
1488 2061 1
739 1488 1
4652 739 1
2561 4652 1
989 2561 1
989 1344 1
2959 1344 1
3250 2959 1
2875 3250 1
2875 331 1
1216 331 1
750 1216 1
750 3982 1
3982 4945 1
4945 4734 1
1137 4734 1
1137 2311 1
2311 1521 1
2625 1521 1
2625 4129 1
4129 3605 1
3605 3863 1
2809 3863 1
2809 4881 1
4881 2564 1
2431 2564 1
2810 2431 1
2810 1249 1
144 1249 1
144 163 1
163 3845 1
3845 1958 1
623 1958 1
623 3767 1
1273 3767 1
1487 1273 1
2985 1487 1
2985 3237 1
445 3237 1
803 445 1
803 3567 1
52 3567 1
1892 52 1
1660 1892 1
1660 1908 1
3874 1908 1
2815 3874 1
2815 3215 1
3404 3215 1
154 3404 1
643 154 1
643 2326 1
2326 3434 1
3434 1139 1
565 1139 1
565 1989 1
4829 1989 1
4829 1424 1
1424 135 1
3159 135 1
3074 3159 1
2249 3074 1
2249 626 1
626 289 1
3670 289 1
3670 3378 1
1559 3378 1
1559 3364 1
3364 2806 1
2806 3619 1
1310 3619 1
1441 1310 1
3291 1441 1
3285 3291 1
3285 2461 1
2461 340 1
340 1994 1
3824 1994 1
3824 1792 1
1792 3112 1
3112 4248 1
1380 4248 1
1813 1380 1
4365 1813 1
2378 4365 1
2378 4544 1
4544 2837 1
2837 2827 1
2827 3020 1
3020 1223 1
1223 4832 1
4832 4322 1
2612 4322 1
1399 2612 1
1399 1753 1
1753 2674 1
2674 4065 1
1070 4065 1
1070 4746 1
3987 4746 1
3987 2528 1
2957 2528 1
2957 695 1
4523 695 1
4523 2261 1
2261 4028 1
4028 4567 1
1099 4567 1
162 1099 1
956 162 1
956 1323 1
2276 1323 1
4255 2276 1
4255 812 1
1192 812 1
1192 3387 1
3536 3387 1
2558 3536 1
3366 2558 1
2544 3366 1
2046 2544 1
3204 2046 1
3204 1763 1
1763 3039 1
4631 3039 1
4631 4792 1
4792 1050 1
615 1050 1
3473 615 1
979 3473 1
4537 979 1
4537 4144 1
4838 4144 1
4838 301 1
2836 301 1
2294 2836 1
836 2294 1
836 1637 1
1637 1949 1
1949 202 1
3482 202 1
4131 3482 1
2297 4131 1
1034 2297 1
1034 2252 1
2252 768 1
768 1438 1
1438 4319 1
3583 4319 1
3583 1113 1
1467 1113 1
1467 2327 1
2327 3770 1
1662 3770 1
998 1662 1
998 4015 1
2820 4015 1
1254 2820 1
1254 2737 1
4256 2737 1
1133 4256 1
1133 2977 1
2977 4011 1
4909 4011 1
46 4909 1
1167 46 1
1167 3836 1
3802 3836 1
4573 3802 1
2675 4573 1
2675 4483 1
4483 4748 1
4748 3771 1
3771 134 1
134 191 1
191 688 1
2214 688 1
3049 2214 1
2970 3049 1
3030 2970 1
3030 588 1
2223 588 1
2223 4439 1
4439 3294 1
2589 3294 1
1822 2589 1
1822 2644 1
3203 2644 1
1590 3203 1
860 1590 1
860 4940 1
3579 4940 1
3046 3579 1
3046 1627 1
2400 1627 1
4515 2400 1
566 4515 1
566 3397 1
2111 3397 1
4716 2111 1
3057 4716 1
3057 3081 1
4670 3081 1
329 4670 1
2869 329 1
1647 2869 1
4834 1647 1
4229 4834 1
4229 3415 1
3415 622 1
622 4305 1
3876 4305 1
3876 4766 1
3281 4766 1
3281 644 1
3946 644 1
3946 784 1
784 2535 1
2535 462 1
1858 462 1
1858 4671 1
4671 3789 1
3789 2185 1
3070 2185 1
3070 4520 1
830 4520 1
523 830 1
523 1842 1
1842 3140 1
3140 4724 1
4724 3850 1
4190 3850 1
195 4190 1
195 2335 1
1615 2335 1
1615 1888 1
793 1888 1
793 3296 1
3296 2497 1
537 2497 1
507 537 1
507 4160 1
4160 4888 1
4888 791 1
3779 791 1
4409 3779 1
3608 4409 1
815 3608 1
815 1791 1
4592 1791 1
4592 2230 1
4002 2230 1
1641 4002 1
7 1641 1
7 218 1
218 2720 1
2720 2127 1
2127 502 1
2336 502 1
2336 338 1
338 796 1
4169 796 1
2056 4169 1
1185 2056 1
1185 2708 1
730 2708 1
4614 730 1
4869 4614 1
240 4869 1
240 4667 1
4667 3099 1
3099 199 1
3537 199 1
3537 443 1
443 3287 1
3287 4270 1
3349 4270 1
3349 1777 1
1777 1716 1
4973 1716 1
4973 2510 1
2510 1474 1
1474 1498 1
58 1498 1
58 3359 1
3359 2854 1
3384 2854 1
1439 3384 1
4968 1439 1
4968 3153 1
3153 3921 1
1261 3921 1
1261 1095 1
1095 3749 1
3749 3574 1
3574 212 1
212 964 1
235 964 1
235 520 1
528 520 1
528 4706 1
4706 568 1
2036 568 1
1541 2036 1
3167 1541 1
599 3167 1
599 526 1
2156 526 1
2156 4796 1
4796 2213 1
1601 2213 1
1601 2885 1
2885 1348 1
1348 1491 1
1491 4798 1
379 4798 1
379 4499 1
2014 4499 1
3362 2014 1
3362 1469 1
1396 1469 1
1396 1920 1
226 1920 1
3264 226 1
1269 3264 1
4093 1269 1
4093 707 1
2523 707 1
2523 3208 1
1740 3208 1
4246 1740 1
4150 4246 1
1135 4150 1
1761 1135 1
3940 1761 1
3866 3940 1
1173 3866 1
1666 1173 1
1666 2003 1
41 2003 1
1159 41 1
1159 3889 1
3889 2304 1
1690 2304 1
1690 264 1
264 2521 1
2521 3813 1
3813 4921 1
4921 4332 1
3630 4332 1
3630 2229 1
465 2229 1
4481 465 1
4481 4369 1
4369 4245 1
1340 4245 1
3966 1340 1
3966 4630 1
4630 1899 1
2420 1899 1
2420 1679 1
4513 1679 1
1365 4513 1
1365 804 1
3252 804 1
3252 2814 1
4784 2814 1
4784 3911 1
3911 1315 1
1315 3292 1
1790 3292 1
1790 1729 1
2314 1729 1
2314 918 1
4531 918 1
4531 3768 1
3768 820 1
820 1556 1
4287 1556 1
4287 829 1
4662 829 1
4662 2741 1
1141 2741 1
173 1141 1
1787 173 1
1787 4422 1
809 4422 1
4877 809 1
395 4877 1
2566 395 1
4890 2566 1
4890 1938 1
472 1938 1
472 1190 1
1190 1770 1
2460 1770 1
2460 3274 1
332 3274 1
332 2590 1
2731 2590 1
2731 228 1
228 3224 1
2719 3224 1
1432 2719 1
1432 4480 1
4480 2797 1
2797 3150 1
3490 3150 1
4762 3490 1
4051 4762 1
4000 4051 1
4000 710 1
710 3126 1
978 3126 1
978 3959 1
468 3959 1
174 468 1
4185 174 1
4185 1907 1
1907 4275 1
837 4275 1
2938 837 1
696 2938 1
696 2610 1
4618 2610 1
3356 4618 1
3356 2553 1
4143 2553 1
221 4143 1
4950 221 1
4950 2992 1
2992 1362 1
1362 4944 1
4944 1103 1
4302 1103 1
1979 4302 1
1979 4661 1
4661 2927 1
2927 2764 1
4624 2764 1
4624 4707 1
2500 4707 1
4542 2500 1
4542 3594 1
3623 3594 1
853 3623 1
853 1177 1
3211 1177 1
2094 3211 1
381 2094 1
935 381 1
935 3367 1
3367 3468 1
3468 1218 1
1218 3621 1
3621 4627 1
3193 4627 1
645 3193 1
2012 645 1
1704 2012 1
1704 1525 1
4744 1525 1
4744 1390 1
1390 482 1
482 993 1
993 3505 1
3217 3505 1
2114 3217 1
2114 1558 1
1558 2643 1
2788 2643 1
4552 2788 1
4552 1811 1
1811 3506 1
176 3506 1
176 3961 1
193 3961 1
193 306 1
306 2090 1
250 2090 1
250 2880 1
2880 4817 1
304 4817 1
1302 304 1
470 1302 1
470 1702 1
1702 3725 1
4622 3725 1
4622 1251 1
987 1251 1
987 1087 1
1087 2366 1
2366 2881 1
320 2881 1
1035 320 1
1035 3747 1
3747 4657 1
4657 4952 1
2122 4952 1
2122 3894 1
3894 3999 1
3867 3999 1
1898 3867 1
1255 1898 1
2968 1255 1
2968 2792 1
2762 2792 1
2762 2844 1
2901 2844 1
4994 2901 1
4994 3348 1
1613 3348 1
4492 1613 1
4775 4492 1
4775 2706 1
2532 2706 1
4018 2532 1
4674 4018 1
4040 4674 1
4040 4293 1
4293 2243 1
2243 1871 1
1871 3772 1
3947 3772 1
3947 4673 1
4673 3820 1
4306 3820 1
4306 508 1
1281 508 1
2676 1281 1
170 2676 1
170 2011 1
3778 2011 1
3778 1168 1
4511 1168 1
3715 4511 1
3329 3715 1
3329 3100 1
3100 893 1
3857 893 1
172 3857 1
172 1320 1
1320 245 1
245 2238 1
2238 1745 1
1745 3952 1
3952 4892 1
3729 4892 1
132 3729 1
600 132 1
600 3403 1
4339 3403 1
1448 4339 1
1448 402 1
2287 402 1
4720 2287 1
4430 4720 1
4313 4430 1
587 4313 1
587 4044 1
4044 794 1
2687 794 1
880 2687 1
4726 880 1
3494 4726 1
3115 3494 1
1339 3115 1
4813 1339 1
447 4813 1
3761 447 1
3668 3761 1
3668 3829 1
3829 3301 1
4863 3301 1
4863 1260 1
1260 2878 1
2878 3954 1
3954 2435 1
3131 2435 1
675 3131 1
2399 675 1
2399 2189 1
2189 2481 1
1547 2481 1
2407 1547 1
2357 2407 1
3156 2357 1
1071 3156 1
1071 3286 1
1893 3286 1
1893 2496 1
2496 743 1
1018 743 1
1018 2662 1
510 2662 1
510 1395 1
783 1395 1
1484 783 1
1484 1421 1
4616 1421 1
4616 1742 1
1742 401 1
401 1003 1
1003 284 1
284 4132 1
2652 4132 1
745 2652 1
745 1533 1
1718 1533 1
1718 726 1
726 2573 1
4943 2573 1
4943 309 1
938 309 1
938 2281 1
2281 4292 1
4292 1382 1
1382 703 1
703 1081 1
4089 1081 1
4089 2479 1
4351 2479 1
4351 3166 1
3731 3166 1
32 3731 1
32 2345 1
2345 4072 1
4072 4793 1
1746 4793 1
4381 1746 1
2298 4381 1
2298 4717 1
1208 4717 1
1429 1208 1
1429 2802 1
4870 2802 1
4870 4120 1
4843 4120 1
2530 4843 1
2530 4111 1
2771 4111 1
2771 3716 1
592 3716 1
592 1669 1
1669 3986 1
1151 3986 1
1151 4927 1
4218 4927 1
4218 859 1
1865 859 1
2151 1865 1
4501 2151 1
104 4501 1
2923 104 1
1115 2923 1
3470 1115 1
3470 4276 1
4276 4186 1
3317 4186 1
4478 3317 1
4478 3600 1
3600 1093 1
3316 1093 1
457 3316 1
457 3931 1
3931 1490 1
3738 1490 1
2182 3738 1
2182 158 1
158 3720 1
3720 3015 1
3969 3015 1
1309 3969 1
4001 1309 1
4001 2301 1
2301 2896 1
4467 2896 1
4467 420 1
420 364 1
364 1889 1
948 1889 1
621 948 1
621 4331 1
4331 2543 1
2543 3612 1
3612 832 1
832 1030 1
1030 3875 1
3875 1351 1
1351 4761 1
4761 86 1
3101 86 1
3093 3101 1
4157 3093 1
1514 4157 1
1514 341 1
341 3801 1
3801 1364 1
1364 2356 1
1659 2356 1
36 1659 1
3133 36 1
4030 3133 1
4030 2092 1
2350 2092 1
2350 915 1
1397 915 1
10 1397 1
3152 10 1
3152 985 1
985 16 1
76 16 1
76 3106 1
3106 3971 1
2438 3971 1
882 2438 1
3698 882 1
1809 3698 1
1809 2001 1
2001 3998 1
2531 3998 1
3735 2531 1
799 3735 1
3678 799 1
3678 1054 1
1054 1041 1
4296 1041 1
4296 4521 1
2374 4521 1
2374 1542 1
1927 1542 1
1927 1121 1
1121 3780 1
3780 1996 1
1996 4403 1
4403 232 1
3721 232 1
1628 3721 1
1628 4678 1
4678 2288 1
2168 2288 1
2168 3248 1
3248 91 1
1839 91 1
1839 991 1
481 991 1
481 1984 1
1427 1984 1
3667 1427 1
1665 3667 1
1665 1599 1
1599 3972 1
3933 3972 1
682 3933 1
3006 682 1
3006 3790 1
4300 3790 1
4300 4006 1
1883 4006 1
4068 1883 1
4068 2037 1
2060 2037 1
2451 2060 1
1915 2451 1
1768 1915 1
3135 1768 1
2506 3135 1
2506 850 1
900 850 1
900 2474 1
2474 3985 1
3985 3525 1
3279 3525 1
1946 3279 1
4852 1946 1
2027 4852 1
2027 3868 1
3868 2689 1
2689 4805 1
4805 3002 1
3002 1471 1
4070 1471 1
1045 4070 1
1045 708 1
4335 708 1
4335 4581 1
1762 4581 1
1762 3377 1
3377 4885 1
4885 4705 1
4705 2098 1
1403 2098 1
1403 905 1
905 1631 1
1373 1631 1
4348 1373 1
4348 421 1
421 943 1
2074 943 1
2074 147 1
3906 147 1
649 3906 1
649 629 1
629 4680 1
2342 4680 1
2342 307 1
3580 307 1
4642 3580 1
1972 4642 1
1972 25 1
25 1295 1
2915 1295 1
4352 2915 1
4352 1802 1
1802 3724 1
1654 3724 1
1654 4942 1
1781 4942 1
1781 3603 1
3603 187 1
2581 187 1
2581 2283 1
1384 2283 1
2267 1384 1
2267 625 1
625 868 1
868 4986 1
4986 4029 1
4029 666 1
666 2697 1
2292 2697 1
4487 2292 1
4487 2455 1
1334 2455 1
1270 1334 1
3257 1270 1
1953 3257 1
990 1953 1
990 2173 1
2173 3989 1
951 3989 1
951 2718 1
1207 2718 1
3218 1207 1
3218 3988 1
4394 3988 1
4394 1482 1
1482 1202 1
1202 699 1
699 1212 1
2631 1212 1
2743 2631 1
2743 113 1
930 113 1
2397 930 1
3945 2397 1
3945 4687 1
4687 236 1
236 4047 1
4047 2900 1
2900 1038 1
1038 1868 1
1868 4062 1
4062 4824 1
4824 3408 1
15 3408 1
15 4847 1
4847 4388 1
1855 4388 1
1855 805 1
805 3450 1
3069 3450 1
3069 139 1
139 3683 1
3683 1564 1
1250 1564 1
1250 314 1
314 169 1
4055 169 1
2072 4055 1
4358 2072 1
4358 1948 1
1752 1948 1
3528 1752 1
3528 3165 1
3165 4060 1
1978 4060 1
1978 300 1
428 300 1
428 4962 1
3804 4962 1
3804 3345 1
3345 243 1
2582 243 1
2582 1453 1
1453 260 1
3862 260 1
4875 3862 1
4875 3154 1
1505 3154 1
101 1505 1
3173 101 1
3882 3173 1
3882 4820 1
3315 4820 1
1211 3315 1
1211 4641 1
1691 4641 1
159 1691 1
2650 159 1
1481 2650 1
2291 1481 1
4556 2291 1
842 4556 1
842 562 1
562 2217 1
3425 2217 1
3425 3476 1
843 3476 1
843 3214 1
3214 1863 1
4969 1863 1
4969 3792 1
3792 4735 1
4735 3394 1
2118 3394 1
2118 2700 1
2700 3786 1
3786 3306 1
3306 1695 1
1695 4654 1
4654 4228 1
4228 1635 1
2300 1635 1
1161 2300 1
50 1161 1
50 2354 1
2354 3559 1
2008 3559 1
2302 2008 1
3787 2302 1
3787 4042 1
1955 4042 1
1955 997 1
2945 997 1
2803 2945 1
2803 2045 1
2045 2790 1
3788 2790 1
3788 1227 1
1227 4628 1
4628 1082 1
1674 1082 1
355 1674 1
2299 355 1
2299 1312 1
1433 1312 1
2841 1433 1
2841 962 1
3343 962 1
3642 3343 1
3642 2943 1
1735 2943 1
1735 1806 1
3380 1806 1
2994 3380 1
2471 2994 1
2471 4750 1
4905 4750 1
4905 1649 1
2867 1649 1
2867 1279 1
1279 3822 1
3855 3822 1
3855 308 1
308 945 1
4334 945 1
4334 4774 1
4868 4774 1
200 4868 1
200 650 1
650 4584 1
4584 1001 1
2031 1001 1
2160 2031 1
2134 2160 1
1052 2134 1
1052 4669 1
4669 1430 1
2668 1430 1
3063 2668 1
3063 3762 1
761 3762 1
761 515 1
515 8 1
8 2113 1
3675 2113 1
3675 2126 1
397 2126 1
3116 397 1
928 3116 1
928 4836 1
4836 1102 1
957 1102 1
957 4328 1
105 4328 1
4297 105 1
3155 4297 1
3155 3927 1
1537 3927 1
1537 4374 1
4374 933 1
933 3171 1
3171 3032 1
4833 3032 1
4833 975 1
975 130 1
287 130 1
287 3501 1
3501 486 1
486 3192 1
3192 598 1
598 454 1
454 2951 1
2951 1881 1
1881 4176 1
4176 3357 1
3357 950 1
950 430 1
1940 430 1
1940 471 1
471 3900 1
3900 3962 1
1960 3962 1
1960 2 1
2 1174 1
4491 1174 1
4491 4992 1
1819 4992 1
3050 1819 1
1017 3050 1
1017 1655 1
1655 349 1
349 4595 1
4595 423 1
423 3421 1
3421 2639 1
3769 2639 1
2641 3769 1
2641 466 1
466 4378 1
4378 2508 1
2508 2758 1
2758 4226 1
4226 4579 1
2049 4579 1
2049 426 1
426 142 1
4827 142 1
478 4827 1
478 4806 1
3890 4806 1
3890 539 1
539 410 1
479 410 1
479 455 1
4663 455 1
3566 4663 1
3263 3566 1
3263 2545 1
1823 2545 1
1823 1805 1
2325 1805 1
1122 2325 1
1122 1750 1
1750 4196 1
4196 986 1
986 4127 1
2872 4127 1
1064 2872 1
1734 1064 1
3918 1734 1
3918 2494 1
3184 2494 1
1106 3184 1
1106 4873 1
4873 2319 1
1022 2319 1
1022 3107 1
3107 2665 1
2665 324 1
3521 324 1
3521 4278 1
4278 1452 1
1452 748 1
4570 748 1
4570 3910 1
3910 2745 1
597 2745 1
597 3014 1
3014 2308 1
2143 2308 1
2143 2686 1
2686 1856 1
3958 1856 1
4084 3958 1
3110 4084 1
3110 4252 1
4366 4252 1
1894 4366 1
1419 1894 1
1419 570 1
904 570 1
3016 904 1
3137 3016 1
3137 223 1
223 1606 1
1606 4364 1
4364 3271 1
3271 3472 1
3472 4559 1
4559 2516 1
2516 2324 1
1477 2324 1
1477 4327 1
3728 4327 1
2418 3728 1
2418 982 1
982 2277 1
2744 2277 1
2744 1069 1
1069 3148 1
1721 3148 1
1721 2722 1
551 2722 1
3796 551 1
3796 103 1
903 103 1
1703 903 1
2352 1703 1
806 2352 1
3123 806 1
4367 3123 1
4771 4367 1
4771 3800 1
2446 3800 1
4438 2446 1
4632 4438 1
4632 4092 1
4092 488 1
488 949 1
3139 949 1
3139 3912 1
3912 1056 1
1056 1010 1
1010 2715 1
2715 3510 1
3510 3333 1
3333 781 1
581 781 1
581 879 1
4635 879 1
3225 4635 1
3225 3717 1
3717 1600 1
1600 3008 1
2859 3008 1
224 2859 1
224 239 1
239 1179 1
1179 3584 1
3584 4743 1
2930 4743 1
1580 2930 1
4733 1580 1
4733 1129 1
1129 1906 1
2996 1906 1
3905 2996 1
156 3905 1
156 61 1
2237 61 1
4043 2237 1
4043 2436 1
2436 2937 1
2937 4504 1
4504 4932 1
4932 3091 1
2416 3091 1
2416 3657 1
542 3657 1
2244 542 1
2244 4790 1
2624 4790 1
914 2624 1
4116 914 1
4116 4941 1
2315 4941 1
1465 2315 1
4251 1465 1
4456 4251 1
2527 4456 1
2527 4807 1
2183 4807 1
167 2183 1
1617 167 1
716 1617 1
1162 716 1
1566 1162 1
1107 1566 1
1107 111 1
111 2110 1
1845 2110 1
1845 1602 1
3064 1602 1
3064 1951 1
1951 3691 1
3691 3950 1
3365 3950 1
3365 1101 1
1101 4166 1
4166 1751 1
2843 1751 1
1327 2843 1
1327 1097 1
1097 4090 1
3344 4090 1
3344 3228 1
4243 3228 1
2761 4243 1
2761 1901 1
1901 2685 1
2685 4701 1
1973 4701 1
4201 1973 1
4201 1860 1
4612 1860 1
4612 4283 1
2321 4283 1
3420 2321 1
3420 2033 1
2071 2033 1
1988 2071 1
4059 1988 1
2076 4059 1
1146 2076 1
1146 555 1
1767 555 1
3558 1767 1
1999 3558 1
1999 3011 1
3011 4919 1
609 4919 1
1209 609 1
1209 4600 1
3132 4600 1
2855 3132 1
2855 898 1
3956 898 1
3956 4133 1
4484 4133 1
1156 4484 1
1549 1156 1
1549 604 1
604 2021 1
2021 4470 1
4470 3449 1
2979 3449 1
3164 2979 1
1546 3164 1
4517 1546 1
4517 4785 1
1280 4785 1
1280 3641 1
3641 4147 1
3183 4147 1
3183 1757 1
2289 1757 1
2360 2289 1
2773 2360 1
2773 3611 1
3611 535 1
1061 535 1
3401 1061 1
1993 3401 1
71 1993 1
4073 71 1
4073 3297 1
3297 2131 1
2131 459 1
2935 459 1
1210 2935 1
1210 3073 1
3073 2621 1
51 2621 1
51 3399 1
2883 3399 1
2883 1653 1
1653 1510 1
4557 1510 1
4557 2539 1
2539 463 1
463 749 1
213 749 1
2777 213 1
2777 4130 1
4005 4130 1
691 4005 1
691 3053 1
3852 3053 1
98 3852 1
98 4262 1
4262 2664 1
2664 857 1
285 857 1
4110 285 1
4110 138 1
138 1197 1
1197 344 1
344 2225 1
83 2225 1
83 3435 1
864 3435 1
2514 864 1
2117 2514 1
2117 2648 1
2648 229 1
229 1120 1
1120 4711 1
3711 4711 1
3711 2673 1
2673 361 1
3578 361 1
2116 3578 1
2116 3035 1
3541 3035 1
3251 3541 1
3251 603 1
603 2823 1
2766 2823 1
1818 2766 1
1108 1818 1
1108 4124 1
4124 1911 1
4675 1911 1
4675 3076 1
3076 867 1
4970 867 1
4970 4461 1
4704 4461 1
4704 427 1
1531 427 1
1029 1531 1
967 1029 1
967 549 1
549 2999 1
4076 2999 1
1661 4076 1
1661 3094 1
2679 3094 1
2679 3651 1
3651 242 1
1286 242 1
1286 3659 1
3659 2913 1
4108 2913 1
2088 4108 1
2088 3577 1
247 3577 1
2063 247 1
2063 3997 1
788 3997 1
788 211 1
211 2058 1
2681 2058 1
2681 2153 1
1278 2153 1
3428 1278 1
4159 3428 1
4058 4159 1
4058 3636 1
3636 790 1
790 3859 1
3859 4545 1
487 4545 1
487 3379 1
3379 2348 1
3561 2348 1
606 3561 1
2635 606 1
2540 2635 1
2540 197 1
197 3072 1
1247 3072 1
3163 1247 1
3163 1431 1
2893 1431 1
2893 1699 1
2795 1699 1
4219 2795 1
2889 4219 1
534 2889 1
2908 534 1
1562 2908 1
1562 1626 1
1626 3996 1
350 3996 1
350 3633 1
3633 1538 1
1538 2257 1
2257 3260 1
3260 3212 1
3821 3212 1
3821 4594 1
4594 1493 1
1154 1493 1
596 1154 1
4938 596 1
2742 4938 1
2742 1195 1
1195 4102 1
95 4102 1
2683 95 1
2683 4585 1
4585 3488 1
2620 3488 1
2620 4106 1
4106 2165 1
2165 4088 1
4088 1917 1
1917 4741 1
2459 4741 1
2601 2459 1
2974 2601 1
2888 2974 1
2888 1046 1
1046 658 1
658 3113 1
2047 3113 1
2047 210 1
460 210 1
920 460 1
920 2284 1
700 2284 1
876 700 1
3520 876 1
3520 206 1
593 206 1
844 593 1
844 2551 1
4740 2551 1
4740 4168 1
4168 910 1
3471 910 1
3471 862 1
4998 862 1
4998 351 1
351 2997 1
2997 3835 1
255 3835 1
255 617 1
3025 617 1
4572 3025 1
663 4572 1
74 663 1
3951 74 1
3951 3489 1
1186 3489 1
1186 4022 1
280 4022 1
280 763 1
2193 763 1
2193 493 1
4620 493 1
1831 4620 1
1540 1831 1
3151 1540 1
3151 984 1
984 3430 1
3430 34 1
34 2070 1
2511 2070 1
2776 2511 1
4958 2776 1
4958 1044 1
1044 1550 1
1550 4505 1
1756 4505 1
1756 1876 1
1876 2137 1
2102 2137 1
2102 2107 1
3454 2107 1
3454 3690 1
2848 3690 1
839 2848 1
839 126 1
126 3416 1
3416 4636 1
3783 4636 1
3783 234 1
3978 234 1
444 3978 1
444 2101 1
2101 2066 1
2066 2725 1
2725 1598 1
1788 1598 1
4975 1788 1
4975 2691 1
4267 2691 1
4267 414 1
4953 414 1
4953 1797 1
3842 1797 1
3842 396 1
31 396 1
31 2972 1
2772 2972 1
4983 2772 1
4983 855 1
855 1391 1
3065 1391 1
1814 3065 1
1814 2453 1
2453 686 1
686 669 1
1936 669 1
274 1936 1
2328 274 1
2328 2493 1
2053 2493 1
2440 2053 1
2925 2440 1
2925 84 1
84 3662 1
3662 3085 1
3085 3798 1
1440 3798 1
4533 1440 1
90 4533 1
4240 90 1
4240 3939 1
4216 3939 1
3456 4216 1
1506 3456 1
1506 2513 1
2513 1215 1
1215 878 1
878 4220 1
4220 3087 1
1065 3087 1
1263 1065 1
1263 3689 1
3689 185 1
2840 185 1
2840 2604 1
367 2604 1
367 3061 1
1289 3061 1
1289 548 1
548 4446 1
4446 3310 1
3310 2932 1
2042 2932 1
4231 2042 1
4518 4231 1
2768 4518 1
2768 292 1
292 1932 1
272 1932 1
1183 272 1
1183 4452 1
4452 3412 1
2800 3412 1
2580 2800 1
2580 3465 1
3465 1006 1
3058 1006 1
4823 3058 1
2430 4823 1
1608 2430 1
1523 1608 1
1523 435 1
435 1720 1
1720 1905 1
1905 3791 1
3791 295 1
3487 295 1
3487 965 1
965 2931 1
2931 1759 1
1759 3522 1
3522 4918 1
881 4918 1
3634 881 1
483 3634 1
2381 483 1
2381 4224 1
3869 4224 1
2305 3869 1
2305 2210 1
2210 2227 1
2227 4700 1
4700 3628 1
3628 2755 1
2755 339 1
339 1942 1
3477 1942 1
3477 994 1
2265 994 1
2265 4412 1
2649 4412 1
2649 3022 1
1681 3022 1
4840 1681 1
3347 4840 1
2269 3347 1
2269 1885 1
2822 1885 1
2133 2822 1
4901 2133 1
4901 608 1
2395 608 1
4686 2395 1
4459 4686 1
3977 4459 1
3977 3833 1
578 3833 1
578 1646 1
