5000 100 4999
31 73 90 117 285 328 334 666 681 822 840 872 907 1056 1141 1315 1322 1359 1379 1423 1450 1457 1539 1551 1552 1646 1655 1673 1698 1738 1781 1807 1865 1887 1894 1922 2054 2069 2094 2163 2176 2226 2253 2258 2324 2416 2425 2474 2485 2609 2639 2689 2755 2801 2813 2823 2867 2899 2965 3046 3160 3312 3314 3325 3342 3355 3371 3380 3461 3524 3605 3831 3879 3889 3989 4006 4012 4013 4026 4063 4071 4095 4109 4181 4201 4229 4241 4264 4269 4306 4419 4600 4638 4754 4786 4878 4879 4954 4967 4995
592 2609 78
2609 4615 8
4420 4615 30
4420 2069 73
2069 3280 56
3280 4978 28
4978 482 49
482 838 13
838 4486 30
4486 2205 54
2205 949 86
949 2505 99
3866 2505 51
3866 3372 62
3372 3080 27
3080 2502 27
3391 2502 50
2775 3391 53
2775 1336 53
1336 3614 26
3614 4372 89
4372 926 60
926 1003 30
1655 1003 7
3820 1655 30
3820 1556 65
1556 1969 15
1969 1762 91
1762 1869 50
1869 4733 92
4733 1810 86
1810 2965 56
2179 2965 94
1760 2179 1
1760 785 62
3427 785 10
3427 1277 87
1277 4879 20
4879 118 20
118 1743 61
934 1743 65
2102 934 65
2304 2102 66
2443 2304 38
2443 4336 62
4336 201 45
821 201 5
821 1021 80
4004 1021 91
4004 4097 99
4097 1226 4
442 1226 46
2130 442 8
2130 4200 52
2316 4200 71
2876 2316 3
3111 2876 42
3131 3111 81
3314 3131 60
3122 3314 20
386 3122 77
2378 386 67
1029 2378 61
4251 1029 60
4251 444 82
2767 444 28
3075 2767 49
3075 4564 89
4564 1800 33
4067 1800 42
453 4067 72
453 2031 87
3143 2031 15
3504 3143 28
3970 3504 90
1592 3970 2
1592 1181 31
303 1181 72
303 3766 11
2459 3766 73
1101 2459 61
1101 3575 77
3575 2797 45
1513 2797 91
1513 2773 47
2773 304 94
304 2808 40
2808 3972 64
3987 3972 88
3987 2513 50
3064 2513 74
3064 2666 53
2666 2706 26
1630 2706 77
1630 4242 99
4242 737 4
737 2864 20
2864 4701 66
4701 1 7
1 2469 43
2469 3009 31
3009 4333 38
4333 343 54
4780 343 74
4780 3768 95
2781 3768 97
2510 2781 91
2510 2512 91
4671 2512 97
4570 4671 79
2941 4570 59
2941 1961 29
1961 4984 60
4984 184 54
4510 184 1
4510 963 32
963 3030 90
3842 3030 14
3842 4761 56
2724 4761 99
2529 2724 32
2529 608 53
608 595 88
815 595 27
815 4753 72
4753 4551 23
1919 4551 88
3457 1919 99
3457 2217 58
1619 2217 100
3198 1619 98
3198 4897 36
643 4897 8
1531 643 76
3583 1531 25
384 3583 43
384 328 90
1955 328 63
1955 4477 56
4477 83 60
83 4221 94
1745 4221 7
1416 1745 3
1416 4640 69
4043 4640 40
4043 3437 66
1421 3437 27
1421 3458 51
3458 1230 49
2148 1230 32
2148 598 40
598 4141 84
1924 4141 48
1924 2000 32
255 2000 78
3547 255 29
768 3547 37
768 2429 81
2968 2429 12
683 2968 70
683 55 33
1055 55 84
220 1055 32
220 4574 75
4574 816 50
3790 816 44
4726 3790 9
4726 4944 9
4944 2150 52
2150 4776 26
4776 2860 1
19 2860 14
19 2412 40
597 2412 90
597 2479 26
210 2479 48
2002 210 100
1154 2002 81
1154 4348 51
4348 4537 12
4537 887 87
887 3964 92
753 3964 58
811 753 50
811 2802 66
1492 2802 65
1492 4438 92
4438 3363 16
4827 3363 19
4630 4827 24
4630 3245 32
2980 3245 64
4096 2980 5
4096 4491 16
4491 3652 20
3652 3373 65
3373 4453 83
4616 4453 38
2840 4616 42
2840 2492 77
2492 4039 33
4039 501 30
4188 501 82
4544 4188 24
4544 4425 96
1008 4425 82
154 1008 97
1298 154 11
1298 902 85
902 3268 79
1229 3268 37
609 1229 61
2791 609 5
2791 2978 30
4173 2978 97
4173 4662 73
692 4662 91
4359 692 30
750 4359 51
750 2356 64
2233 2356 43
2233 906 98
906 2075 35
2075 4523 54
903 4523 57
903 307 39
4892 307 35
4892 257 86
257 1748 69
1748 4657 15
4657 4763 9
4763 2707 10
2707 4841 89
1235 4841 20
2760 1235 20
4784 2760 55
3887 4784 46
3887 2940 37
2940 1280 67
2638 1280 54
2638 4906 11
4205 4906 41
3534 4205 94
3534 3054 83
2686 3054 44
2888 2686 11
3501 2888 85
3336 3501 43
2287 3336 47
1517 2287 65
1517 1839 10
1839 3257 32
4231 3257 97
3439 4231 73
3439 433 38
368 433 83
368 2981 71
2981 1686 100
1686 2920 28
2920 2991 89
2991 382 46
2498 382 5
2498 1652 49
310 1652 89
3456 310 67
3456 1663 74
98 1663 23
98 2741 90
1163 2741 62
4804 1163 89
4804 1507 36
4234 1507 56
4234 881 70
4190 881 65
4479 4190 53
4479 2021 76
2021 4829 13
4829 2145 81
2145 1456 95
3234 1456 1
3911 3234 78
3911 305 73
305 1938 25
3070 1938 12
3070 1152 68
1848 1152 43
1848 3588 28
4187 3588 56
3023 4187 29
4444 3023 89
4444 3944 71
3944 241 38
1144 241 22
1144 1322 57
1322 3843 87
3843 4025 26
4025 3624 48
3624 3876 45
2916 3876 45
1279 2916 58
1279 1964 47
3112 1964 4
3112 4148 36
4148 401 30
401 2360 2
3639 2360 16
1933 3639 90
4443 1933 80
1750 4443 75
1750 3242 85
2983 3242 62
2983 437 82
3905 437 76
2883 3905 58
3774 2883 17
3774 394 26
4884 394 82
1201 4884 78
1201 3232 9
507 3232 96
507 2571 12
2119 2571 65
2119 993 93
993 3008 78
2293 3008 47
2293 3684 8
3684 701 21
2195 701 12
2195 3374 88
3765 3374 42
4848 3765 52
4848 4912 10
4912 1829 75
1829 2557 64
2557 4135 12
855 4135 91
4367 855 62
4367 3606 39
3606 2746 66
1030 2746 55
1427 1030 25
1427 4220 52
4220 2037 31
3646 2037 15
4614 3646 80
2389 4614 80
4105 2389 89
3955 4105 55
4971 3955 33
4971 4549 45
3416 4549 25
3416 1669 52
440 1669 44
440 982 36
1332 982 100
1332 4875 5
4600 4875 35
4600 723 56
723 4996 85
3247 4996 8
3247 3815 55
1436 3815 59
1436 1348 23
4041 1348 27
4799 4041 68
1786 4799 76
4512 1786 91
4447 4512 92
4289 4447 52
4834 4289 76
4834 814 96
814 3135 24
3135 1045 26
1045 828 84
2458 828 96
2458 4246 99
4610 4246 11
1791 4610 47
1791 3841 29
262 3841 38
262 1605 50
3995 1605 36
3995 1041 81
1041 3641 64
873 3641 41
2163 873 10
2163 773 42
2511 773 42
3789 2511 84
3789 3359 19
4743 3359 55
4743 1853 81
1853 4749 53
338 4749 57
338 3432 54
3432 224 37
2250 224 79
285 2250 83
1794 285 46
1271 1794 16
1271 3016 98
4790 3016 25
4790 4326 16
4326 3309 91
3309 2086 51
2947 2086 63
4236 2947 7
4236 2952 32
2952 4954 14
4954 2594 71
4757 2594 86
3902 4757 29
3902 3465 17
3636 3465 54
3636 3390 40
4876 3390 75
4876 1433 10
166 1433 83
2830 166 87
3882 2830 58
3882 1000 4
2998 1000 47
4580 2998 85
4580 516 88
2009 516 93
722 2009 29
722 1204 86
489 1204 55
218 489 51
3399 218 31
3858 3399 35
4013 3858 60
4843 4013 89
3981 4843 56
3981 3584 18
3584 4765 57
4765 1787 16
1787 4109 27
1431 4109 48
1431 974 34
2302 974 34
1828 2302 80
1828 1104 59
1104 4137 56
4137 3037 37
3910 3037 1
3910 3568 47
2893 3568 98
1037 2893 24
1037 4100 39
4387 4100 98
1761 4387 36
1761 3486 39
506 3486 62
506 1473 45
1473 4754 24
4754 3015 36
3839 3015 14
766 3839 82
766 3864 94
4299 3864 26
4534 4299 7
4534 65 81
65 4690 51
4690 1122 4
1122 4793 19
4793 4284 59
4284 2328 66
2301 2328 21
2301 2427 66
2882 2427 49
2936 2882 23
4127 2936 2
4127 1146 54
3787 1146 64
1267 3787 84
2137 1267 68
3125 2137 84
3125 928 68
759 928 8
4119 759 8
4119 686 38
686 574 7
4751 574 25
4751 3794 95
3794 2068 83
4494 2068 95
3600 4494 42
3600 2273 30
1612 2273 3
1612 3507 3
3507 4412 9
1949 4412 58
1949 3591 87
3591 4347 45
4347 2472 50
3033 2472 17
3033 3013 28
3013 288 7
288 4571 21
4571 2597 9
4186 2597 19
4186 3620 72
4975 3620 68
4488 4975 41
2898 4488 81
389 2898 37
389 1314 29
1314 3072 76
3072 3488 91
1179 3488 61
1179 2372 34
1237 2372 43
1237 1077 96
1939 1077 2
1939 153 76
650 153 31
2460 650 66
2460 3798 49
3935 3798 9
3935 1706 75
1706 2885 26
2885 1594 59
3607 1594 61
3607 3577 1
2673 3577 59
2673 448 53
2001 448 65
4470 2001 2
4470 2580 85
2580 3443 60
3443 2684 27
2684 4558 70
1014 4558 74
1014 707 4
1520 707 88
3558 1520 34
1728 3558 97
1728 1966 23
1966 732 66
732 3079 54
3079 4602 90
973 4602 98
333 973 23
1010 333 56
3163 1010 74
3163 2774 76
445 2774 82
3026 445 6
2652 3026 58
204 2652 37
204 3032 70
4441 3032 95
4441 4117 58
4117 3980 8
3980 2229 57
178 2229 37
178 4870 91
4870 4281 79
4808 4281 51
3922 4808 12
3239 3922 57
3239 4259 8
1990 4259 63
1990 4118 18
4118 3838 31
3838 4332 58
4332 4964 64
464 4964 78
3890 464 43
3145 3890 77
3145 2971 39
40 2971 46
40 4746 53
4746 2006 73
4288 2006 20
4288 311 78
348 311 38
2847 348 4
3020 2847 39
452 3020 57
452 4902 41
3371 4902 78
1722 3371 21
1722 3191 78
1373 3191 95
2508 1373 90
638 2508 58
638 3063 50
3063 3951 28
3951 4755 30
4755 986 65
901 986 71
901 4428 20
4428 1311 70
2268 1311 94
2268 1303 78
1303 586 10
3041 586 97
4481 3041 11
2577 4481 5
2577 1141 9
2922 1141 80
628 2922 38
628 2097 84
1547 2097 41
1547 4934 16
117 4934 65
117 1710 100
1710 1444 17
1444 3297 30
4744 3297 34
4744 3051 8
182 3051 78
2543 182 53
4176 2543 89
2798 4176 55
2053 2798 5
2053 3934 71
2865 3934 16
2865 136 78
136 4524 52
3366 4524 47
2662 3366 86
2662 4394 11
4394 3628 10
3628 2939 54
1602 2939 47
1602 791 62
791 4526 55
4526 504 89
504 4627 47
3860 4627 95
3860 3775 72
3775 4198 95
4198 3317 28
3317 4521 76
3474 4521 12
3474 4856 22
3017 4856 89
3017 264 39
264 3045 100
2601 3045 79
1905 2601 16
1424 1905 43
1424 3712 41
691 3712 93
3209 691 99
543 3209 59
1236 543 92
2889 1236 93
2889 1626 66
1626 2770 51
4683 2770 72
4683 1627 20
2109 1627 75
3179 2109 20
3179 3688 31
4516 3688 5
4516 2558 87
3535 2558 46
3661 3535 74
3661 2899 14
2924 2899 40
2924 274 55
3370 274 29
4873 3370 90
180 4873 72
2181 180 5
2650 2181 51
2650 2675 16
2675 3395 80
3395 3483 71
3483 3731 9
3941 3731 93
3941 3074 96
3074 747 53
1345 747 42
2878 1345 54
2878 3224 6
3224 265 94
265 2289 40
2289 106 39
106 3142 53
3142 4928 15
4928 1699 81
1699 1980 57
1980 4030 83
4030 4822 57
4822 1723 55
1723 832 98
832 4527 30
2183 4527 9
2183 3367 19
1374 3367 61
3961 1374 75
3961 188 87
188 1584 59
127 1584 57
3308 127 88
4461 3308 48
803 4461 15
3744 803 1
3744 2374 36
2374 1131 64
2456 1131 46
2456 4000 19
4000 3610 3
4579 3610 12
4579 1992 10
3389 1992 24
4467 3389 59
4467 2144 36
4178 2144 61
2844 4178 22
18 2844 4
1493 18 84
2152 1493 13
1851 2152 64
1851 3330 31
3330 3331 79
1984 3331 94
1984 3832 82
3832 4083 43
4323 4083 100
1032 4323 38
4160 1032 81
4160 4304 40
3412 4304 13
3412 322 5
4925 322 53
4925 3160 96
4828 3160 85
294 4828 30
1790 294 37
2906 1790 78
2906 1598 34
1598 27 22
2066 27 26
4734 2066 44
4734 4297 58
4297 534 47
2910 534 100
3826 2910 77
1358 3826 84
1358 2430 71
2430 987 53
987 1024 44
1024 1145 43
1145 2574 37
2574 1609 39
1609 4464 99
4464 3960 66
3960 4667 40
3350 4667 91
3350 1910 67
1910 4535 31
863 4535 23
863 876 79
876 4708 98
1650 4708 30
1650 4916 89
4916 3006 61
3006 3812 17
3812 1657 48
1657 2282 30
2282 2190 33
2190 3012 89
2431 3012 96
3915 2431 76
4208 3915 8
4208 1459 100
2136 1459 8
1127 2136 42
1127 4649 73
1376 4649 77
4966 1376 28
4966 4318 62
797 4318 32
3042 797 52
4766 3042 51
548 4766 38
3386 548 13
3386 33 42
4167 33 54
566 4167 13
566 2439 15
181 2439 89
3854 181 66
4075 3854 59
4075 1798 6
323 1798 6
323 1461 74
1461 2238 42
2238 3994 1
843 3994 59
1319 843 52
1319 4057 37
2403 4057 87
2403 2951 15
2951 2745 32
4044 2745 54
4044 3806 8
3806 3241 71
3241 1283 58
1283 2795 76
2795 3333 71
3295 3333 55
3518 3295 82
3518 879 78
879 4170 72
4170 3053 57
2143 3053 78
35 2143 67
35 4466 87
4140 4466 81
4140 1632 35
3814 1632 38
3814 651 90
4475 651 22
2008 4475 57
4313 2008 16
4478 4313 90
4478 2234 91
2234 2753 80
1185 2753 20
1185 1840 62
1840 2503 81
2503 158 47
1797 158 25
1797 3311 26
3311 3705 52
4918 3705 60
1996 4918 39
2683 1996 79
1365 2683 4
340 1365 75
340 199 71
199 278 27
4723 278 70
4723 4271 43
4271 1778 56
4339 1778 15
4204 4339 86
4204 2644 78
2120 2644 71
1232 2120 39
1232 1499 43
1499 4560 40
4002 4560 37
4002 4626 98
4855 4626 41
4855 528 87
4824 528 35
4773 4824 7
4773 4091 46
4345 4091 14
4345 4280 58
3862 4280 23
16 3862 40
16 1341 59
1341 3500 57
3500 2702 91
2702 4262 81
4262 2777 17
2777 700 43
700 2544 44
2544 1610 36
1610 715 61
715 2634 44
2634 2803 92
2803 12 18
1483 12 63
3109 1483 38
3109 558 11
4424 558 28
2973 4424 96
1387 2973 84
186 1387 71
1862 186 41
1982 1862 83
1982 743 60
743 372 97
372 4252 75
4252 130 46
130 3666 37
3666 3255 90
3306 3255 14
3883 3306 22
3883 2892 66
2892 4073 92
550 4073 35
550 837 25
944 837 20
944 1263 44
1263 3321 26
793 3321 62
2839 793 58
2839 519 43
654 519 34
654 4353 50
4353 4311 48
4311 572 99
1309 572 9
1309 2713 78
2625 2713 54
1260 2625 44
1260 2622 91
2622 637 40
371 637 49
371 392 67
1945 392 58
367 1945 30
1338 367 5
1338 896 95
2050 896 55
1880 2050 12
1880 3771 72
3771 94 26
94 21 44
3780 21 69
3780 3461 59
3461 1575 34
4901 1575 19
1577 4901 57
1577 2156 44
1913 2156 88
632 1913 86
632 4853 17
4853 4350 84
4350 3342 52
1273 3342 31
4585 1273 59
4585 956 90
3424 956 94
3424 2173 64
915 2173 3
1333 915 50
1247 1333 5
1247 4967 38
358 4967 78
2874 358 22
1158 2874 42
3485 1158 51
3485 2129 22
2129 4994 54
4994 2811 98
1126 2811 58
4674 1126 98
4009 4674 42
4009 834 7
834 2121 32
2121 1729 55
1729 627 77
627 4792 92
4792 4243 4
4047 4243 87
4047 2784 32
3986 2784 23
3986 4553 81
4553 1766 40
2366 1766 1
3368 2366 76
3368 246 34
4257 246 4
4257 2530 17
3619 2530 51
2670 3619 78
2670 549 91
2792 549 52
2792 590 86
4699 590 18
4699 718 66
718 3010 91
284 3010 68
284 3263 88
3263 584 83
584 1346 85
1586 1346 32
1586 1847 48
1847 2786 52
4032 2786 70
2709 4032 54
3598 2709 69
3598 880 24
576 880 73
576 3274 54
1384 3274 57
31 1384 62
31 2620 60
227 2620 38
4691 227 33
4691 1017 64
1017 2621 61
2621 2645 50
3564 2645 60
3564 645 12
645 3310 27
3310 4006 37
4006 3732 37
3732 2593 82
2593 1490 83
1490 4595 15
4595 2244 6
2244 599 75
1936 599 28
1936 2110 25
2110 3739 44
3739 2342 24
833 2342 4
833 2052 76
159 2052 76
2944 159 13
2944 4694 68
3874 4694 86
3874 3139 8
3139 674 79
674 895 53
3767 895 60
3767 3011 70
4245 3011 95
4245 1259 40
2561 1259 56
2561 3701 71
3701 545 81
545 3035 76
4633 3035 98
4724 4633 80
3554 4724 69
3573 3554 91
3573 3489 73
3489 1249 21
1249 4144 28
810 4144 46
1380 810 17
1380 579 19
4344 579 6
1130 4344 53
1468 1130 6
1468 2371 63
2371 120 98
820 120 98
820 2408 51
2408 2211 3
2319 2211 47
1288 2319 47
1304 1288 67
25 1304 56
1518 25 41
2283 1518 14
2283 4871 67
994 4871 4
446 994 46
4970 446 40
2200 4970 53
635 2200 66
2166 635 23
2166 658 67
658 756 85
756 4215 83
4973 4215 85
933 4973 69
3453 933 50
3453 4256 11
3021 4256 9
1821 3021 23
4451 1821 75
4451 3877 17
3877 1696 19
337 1696 18
3931 337 42
1203 3931 50
904 1203 86
47 904 11
47 617 68
2048 617 28
2048 2970 76
1834 2970 13
1834 2504 77
2504 2365 90
329 2365 10
1738 329 68
4742 1738 94
4742 208 27
208 1579 27
2969 1579 16
774 2969 58
774 2149 28
3958 2149 1
3958 3288 44
3851 3288 30
539 3851 57
1720 539 37
4116 1720 41
2877 4116 8
4132 2877 35
2082 4132 53
3742 2082 45
3742 456 73
456 1838 10
1806 1838 34
3846 1806 43
1819 3846 97
884 1819 49
884 3585 6
4861 3585 66
4861 4406 67
4406 4844 84
4844 1931 57
4769 1931 9
2564 4769 41
3384 2564 53
3384 2714 78
2714 3244 8
3244 473 34
473 4661 62
449 4661 6
449 3233 69
4272 3233 18
4272 809 89
4121 809 17
4121 1889 76
1889 419 49
419 4517 57
4517 2592 17
1065 2592 78
1065 4388 16
4388 1408 8
1408 2286 7
2286 4709 8
4709 2240 92
2240 2749 85
2749 725 19
2726 725 12
2726 842 83
842 2339 31
2647 2339 82
844 2647 17
1302 844 56
1302 379 39
379 3180 10
3180 211 15
920 211 2
4114 920 34
4114 1413 65
3044 1413 16
3044 4950 30
3956 4950 58
75 3956 3
3349 75 45
3170 3349 41
3170 3323 42
3323 3058 97
3058 4584 88
3708 4584 15
3708 3856 84
3856 3334 37
2107 3334 27
2107 4396 12
3219 4396 91
3219 523 36
4896 523 92
4716 4896 99
315 4716 44
315 1467 33
108 1467 34
108 3177 13
2463 3177 25
2463 4015 96
1428 4015 19
1428 4124 40
4125 4124 28
4125 3709 86
4404 3709 71
4404 1027 37
1027 2249 13
2249 2406 79
4417 2406 46
4417 3928 38
3928 1753 26
30 1753 41
30 4728 1
4728 3369 4
3369 745 7
745 2954 34
2954 2 74
2 205 23
3381 205 73
3381 4069 29
4069 3088 33
3088 582 51
3873 582 43
3873 4771 96
4942 4771 45
2035 4942 42
3811 2035 20
3811 3825 33
3825 4634 11
3859 4634 51
1121 3859 71
1121 3753 18
3753 1013 68
1013 770 82
770 1956 87
1956 2280 51
2280 2025 89
2025 4823 89
4823 3977 53
4821 3977 83
3605 4821 64
606 3605 70
606 2332 79
298 2332 37
3415 298 66
4133 3415 9
4133 684 75
684 3559 24
4261 3559 100
2014 4261 5
2014 2029 49
3545 2029 88
3545 4156 53
1908 4156 58
2164 1908 93
4774 2164 19
418 4774 27
418 1317 33
1317 1683 44
1683 4418 27
1388 4418 40
1388 3557 67
3557 4439 12
4439 4147 70
4147 1264 69
1412 1264 78
1412 3240 69
3240 1744 15
1028 1744 90
4087 1028 34
1168 4087 90
1621 1168 82
1988 1621 84
3590 1988 91
3590 3093 97
3093 3089 59
1137 3089 30
162 1137 39
162 555 79
555 1197 23
1197 4576 33
2611 4576 94
1117 2611 59
4181 1117 99
3396 4181 67
1546 3396 7
1546 4629 60
3533 4629 72
3533 2334 30
2334 4168 65
3106 4168 21
3106 2570 23
2570 4376 6
194 4376 75
194 3430 48
3430 5000 58
5000 173 20
173 1110 21
4729 1110 86
3380 4729 63
3380 4833 76
2182 4833 76
2182 694 93
1522 694 64
1522 673 1
673 4591 72
3207 4591 87
3207 3532 51
3532 954 67
954 533 35
53 533 6
3503 53 82
3503 955 64
2858 955 84
441 2858 76
441 2438 86
1845 2438 23
1845 2099 81
2099 4788 97
4382 4788 57
996 4382 98
4562 996 90
4562 3541 42
3541 237 73
237 1950 19
1950 3579 94
3579 2260 88
1977 2260 27
1977 4931 94
4931 2142 46
4929 2142 57
2398 4929 91
3121 2398 88
3121 3634 76
3634 1926 70
1926 3947 77
1411 3947 74
4639 1411 93
671 4639 94
1026 671 92
1252 1026 27
3696 1252 43
3326 3696 57
4128 3326 74
4128 4363 55
2696 4363 14
4913 2696 52
4913 3593 5
3593 864 86
4606 864 36
4606 3529 44
3312 3529 100
3891 3312 84
3491 3891 2
3491 1329 28
4290 1329 56
4150 4290 97
2794 4150 77
2794 2764 100
2764 980 68
980 567 83
1647 567 41
1647 845 99
845 3942 23
3942 4264 15
423 4264 5
4501 423 25
4501 3071 61
3071 564 25
564 4503 95
634 4503 1
4312 634 40
4312 4941 80
3615 4941 6
3615 4863 28
4863 1537 87
1537 3985 1
3985 96 41
1922 96 34
703 1922 88
703 2534 2
2534 3923 77
3923 757 60
757 3438 26
22 3438 46
22 3948 3
3948 461 43
2093 461 6
3679 2093 79
3679 4414 58
4414 1269 63
2023 1269 47
2023 3924 36
3924 1176 11
1176 655 75
655 1086 70
1086 511 63
511 2390 27
2390 1574 84
3201 1574 31
2012 3201 49
2012 1903 85
4611 1903 84
4611 2383 61
2383 2466 37
4018 2466 57
1813 4018 94
1813 2698 85
2698 3140 6
3140 434 31
931 434 46
931 565 34
4110 565 81
4110 979 67
979 1504 65
1504 87 59
3260 87 70
3817 3260 12
3817 4180 46
3356 4180 17
152 3356 48
152 1379 48
1895 1379 42
1895 2828 34
1106 2828 15
1106 3803 87
1478 3803 34
4623 1478 90
2623 4623 22
2623 3777 11
3777 128 62
2070 128 68
2810 2070 62
2737 2810 79
2737 924 9
924 1423 8
1423 1576 25
1576 4250 66
2047 4250 87
2935 2047 32
2935 4217 74
4217 260 63
260 4656 30
4656 1534 72
3782 1534 53
3782 1768 18
388 1768 1
388 3738 27
3738 1898 58
3421 1898 77
923 3421 85
4935 923 66
4935 2930 70
2763 2930 20
3307 2763 60
3538 3307 26
3538 1727 46
1218 1727 5
1218 4777 84
4777 2393 17
2393 762 90
3733 762 40
1868 3733 81
1868 3650 12
3650 4244 64
4244 2312 30
3230 2312 50
3230 2615 29
2615 2769 10
1734 2769 71
2755 1734 64
2755 2266 15
2266 4969 29
1771 4969 85
1771 1896 75
1896 556 2
556 4915 92
3633 4915 47
3633 3988 97
3988 4362 57
2151 4362 4
2151 2903 71
827 2903 69
827 3195 81
3195 3413 76
3413 1099 88
42 1099 62
42 276 55
272 276 59
272 4599 30
4599 3623 36
3623 2470 4
4005 2470 89
4005 155 74
2369 155 29
2369 4270 39
4270 4456 87
4456 3936 93
3936 3716 15
2413 3716 32
2413 3904 23
3904 4963 32
3916 4963 77
1078 3916 64
1078 2106 75
1020 2106 2
1020 540 64
693 540 92
693 1291 56
1209 1291 49
1917 1209 80
1917 4505 62
4505 3155 98
3155 4796 49
4342 4796 22
4342 2591 37
2591 351 66
351 839 47
839 969 44
969 3748 41
3748 2742 48
103 2742 45
4275 103 82
4275 1316 50
1685 1316 1
1685 1983 34
1983 2870 12
2870 4598 57
4598 735 11
3998 735 16
4449 3998 9
4449 4583 52
4485 4583 20
4485 1231 55
1231 2832 65
2061 2832 61
3377 2061 84
3377 350 69
350 1094 23
1094 1312 94
1704 1312 35
3638 1704 20
3638 111 32
111 4054 78
4054 4947 42
4273 4947 60
381 4273 99
503 381 47
503 4921 48
4921 661 73
661 1809 1
1274 1809 83
1274 1935 71
1935 491 98
1222 491 80
1222 2612 21
2299 2612 8
4469 2299 27
4386 4469 3
907 4386 41
907 3592 29
4378 3592 31
4378 3448 84
3448 1472 94
1472 945 61
1648 945 11
3153 1648 1
81 3153 79
81 109 80
1918 109 46
1918 4095 12
4095 3829 31
3888 3829 72
2757 3888 57
1402 2757 73
2938 1402 33
2938 4814 59
4814 3913 86
273 3913 69
273 4506 72
1614 4506 34
1614 1585 75
1538 1585 41
1084 1538 87
1084 2310 6
989 2310 86
1300 989 7
1300 115 15
496 115 13
1079 496 37
1079 726 16
1703 726 37
2118 1703 83
2118 4767 63
4767 1040 3
3707 1040 34
3707 4647 58
1289 4647 49
1289 483 53
380 483 54
3202 380 68
1872 3202 82
755 1872 100
755 605 33
2723 605 71
2723 3823 35
4034 3823 60
4034 4325 3
3452 4325 80
4943 3452 61
1394 4943 76
1394 1629 78
1629 399 80
2444 399 12
2590 2444 22
2590 3406 7
3406 713 8
713 3215 27
3215 402 86
402 1109 78
1109 1367 52
1452 1367 89
849 1452 43
2297 849 15
2297 4093 58
4093 708 67
708 113 95
113 835 8
587 835 87
587 3563 22
3563 1914 8
1914 4371 89
1675 4371 42
856 1675 16
341 856 71
341 4795 62
4795 1881 12
1881 850 54
850 4407 5
4407 676 11
676 3847 11
3294 3847 65
3294 239 71
1326 239 45
1326 937 98
2982 937 52
3168 2982 17
3168 2481 20
2481 1306 37
1306 3665 80
3665 1006 94
1668 1006 84
138 1668 53
1330 138 50
1330 2442 16
2442 560 16
560 3855 83
3855 1190 32
1190 3104 31
4219 3104 80
4219 1194 9
1194 2321 55
2321 1930 58
4053 1930 58
2452 4053 76
2452 3375 72
249 3375 36
249 2537 79
2537 137 99
1802 137 22
1802 4045 7
2984 4045 31
4730 2984 43
4730 408 44
3270 408 42
3809 3270 79
3809 4012 29
4012 4596 68
4596 4048 85
1325 4048 94
1325 2967 9
2967 2524 50
2420 2524 38
2420 2872 69
2872 3081 56
3081 4061 28
4061 999 86
999 2526 4
2526 2766 12
4292 2766 65
4292 2573 56
2573 2201 38
2267 2201 26
3690 2267 40
3690 2157 32
2157 1344 19
3721 1344 16
4650 3721 15
4650 1502 52
1502 859 27
292 859 4
3385 292 92
2215 3385 31
2138 2215 5
2364 2138 64
846 2364 24
846 146 90
146 4903 75
3425 4903 7
412 3425 27
412 2323 59
992 2323 68
1975 992 52
1975 1123 11
148 1123 8
148 2155 27
2155 4085 85
4085 2551 95
2551 4786 89
4786 1011 30
4622 1011 39
4622 2912 86
3580 2912 41
3580 3235 45
3235 1951 55
1951 2866 55
2177 2866 34
1660 2177 49
1149 1660 24
2690 1149 56
2690 1560 46
4805 1560 68
4805 2614 99
3644 2614 67
885 3644 88
885 3128 34
3967 3128 42
4922 3967 44
1805 4922 47
1805 2721 64
2721 2521 69
2521 3411 49
500 3411 14
1512 500 84
1512 3657 30
3657 4663 98
4663 1973 96
1973 3655 17
3655 1480 76
3472 1480 20
3897 3472 6
3897 4238 43
4489 4238 54
4489 4702 71
4702 2904 15
2904 129 98
2248 129 81
3299 2248 66
4782 3299 83
4782 2562 68
2562 1900 66
191 1900 83
191 594 39
2288 594 4
2288 376 32
1877 376 64
2363 1877 35
1057 2363 6
3077 1057 41
3077 4056 33
4056 2239 16
3192 2239 23
3192 4714 48
4714 2560 90
2873 2560 72
2873 4717 64
562 4717 35
562 664 95
664 4241 64
4241 1166 26
1166 1653 13
3908 1653 6
2990 3908 37
2990 1564 72
1564 1432 99
1432 669 93
669 378 37
378 2218 57
542 2218 50
542 4193 68
4193 2414 4
2139 2414 51
2139 2209 60
2209 3643 97
427 3643 6
427 413 96
413 4859 19
2091 4859 78
2091 1929 7
4779 1929 20
4779 2918 65
2418 2918 94
2418 438 6
438 3431 24
486 3431 34
486 950 95
4847 950 9
4847 1318 17
1245 1318 95
1245 39 3
39 4991 41
169 4991 67
169 3435 17
3435 3505 38
1262 3505 93
3123 1262 15
3511 3123 60
3511 2235 3
2747 2235 12
2747 3704 74
318 3704 60
318 4747 98
4747 1826 100
4476 1826 32
4476 2992 8
2992 4042 61
4042 4370 24
4692 4370 40
4692 459 88
3087 459 93
4082 3087 13
4979 4082 70
4979 1702 43
41 1702 59
1965 41 16
1965 3872 34
3715 3872 45
3668 3715 59
2437 3668 51
4385 2437 43
4385 2681 62
4296 2681 29
4296 1897 9
4511 1897 92
4511 568 98
470 568 90
470 767 43
767 3978 84
1942 3978 43
1942 2546 93
2546 266 24
3355 266 84
3355 537 69
3050 537 59
3050 4801 44
4801 3609 69
3022 3609 80
3022 1062 75
659 1062 61
2245 659 68
4182 2245 80
4182 4894 57
4894 147 1
1624 147 90
1143 1624 5
2636 1143 13
2636 875 11
875 4874 35
1631 4874 55
1631 2347 35
2347 4161 47
4161 2100 1
3894 2100 45
3392 3894 21
3392 3993 72
3993 4233 97
1407 4233 73
4775 1407 36
2618 4775 34
2618 4433 33
4433 772 91
1857 772 36
70 1857 40
1023 70 9
1023 2016 23
2016 1580 19
1580 4785 7
3625 4785 11
3625 1711 43
1711 1227 51
789 1227 60
2124 789 12
4094 2124 21
1861 4094 83
3648 1861 90
3648 2337 13
2337 4532 72
4532 3289 78
3289 4423 75
4423 1167 5
1167 621 42
2901 621 30
2292 2901 3
3061 2292 37
3061 4974 14
1016 4974 4
1016 719 78
719 1617 1
3772 1617 23
3196 3772 32
1943 3196 23
1943 151 73
3813 151 88
2395 3813 51
2203 2395 21
2203 263 83
2261 263 84
4825 2261 42
4432 4825 82
4432 4920 54
4920 2486 41
2193 2486 14
2193 1590 49
1920 1590 51
3861 1920 61
3861 3586 30
373 3586 36
373 1022 95
3863 1022 41
3863 4603 32
4164 4603 11
233 4164 69
1343 233 93
1835 1343 20
1835 893 75
2241 893 45
4335 2241 51
2756 4335 53
2756 4725 66
2490 4725 21
2490 2027 26
2027 4429 52
4429 4379 37
4379 370 39
406 370 30
477 406 14
79 477 46
1132 79 7
4381 1132 78
1107 4381 25
206 1107 33
758 206 10
1083 758 14
1622 1083 87
4017 1622 5
4017 738 30
738 1737 6
1737 3630 42
3630 3992 61
3992 1963 75
1947 1963 74
1947 4195 31
4195 867 39
867 1396 7
1396 2563 28
2563 3990 45
3773 3990 79
3726 3773 2
4377 3726 70
2104 4377 76
2104 1697 40
1697 1161 30
2852 1161 12
2852 1960 26
847 1960 85
847 3343 92
1500 3343 13
720 1500 78
2105 720 20
3565 2105 93
4431 3565 24
4431 1789 11
3698 1789 39
3698 2349 10
2694 2349 38
2694 2641 7
2641 1224 72
1224 3137 78
3137 1208 98
1208 1001 100
1001 4687 18
4687 3271 39
4588 3271 49
4588 4016 54
4016 4294 84
3007 4294 15
3553 3007 87
806 3553 2
806 3884 26
3884 2331 88
1559 2331 41
3388 1559 66
3388 2131 81
4026 2131 49
4026 2493 59
2862 2493 70
4134 2862 11
4134 3831 20
547 3831 81
4077 547 74
484 4077 75
2783 484 13
3830 2783 62
3830 4139 76
991 4139 1
2931 991 63
2931 1210 57
1210 2602 32
2602 3098 22
807 3098 80
807 1173 40
1832 1173 95
1832 4669 10
3287 4669 61
1535 3287 96
4471 1535 49
4471 4815 38
3903 4815 25
3642 3903 97
3642 1047 50
988 1047 60
1871 988 71
1871 1056 22
2789 1056 74
2789 122 89
4710 122 25
4710 1092 9
1092 3824 82
3824 4207 26
3808 4207 94
3808 3173 2
3173 4573 78
4573 1138 22
1997 1138 58
1997 309 60
309 398 53
4951 398 90
4997 4951 94
4997 4191 91
4191 454 4
2762 454 45
2409 2762 27
695 2409 7
695 4361 83
536 4361 87
2320 536 46
2320 1532 81
1532 2079 68
2079 242 20
242 2344 12
3151 2344 52
3151 2180 13
2180 2880 86
2880 3750 18
3220 3750 15
1355 3220 32
4577 1355 51
4577 124 97
1475 124 41
1475 1351 4
3464 1351 83
3759 3464 44
4111 3759 44
4111 3166 70
3166 3672 49
2147 3672 93
967 2147 82
967 4740 41
4740 88 95
88 2704 97
2704 2256 77
1498 2256 51
1498 4499 24
2186 4499 50
455 2186 85
455 4334 69
3065 4334 41
3065 4107 2
4107 717 59
717 1807 68
1807 670 51
3761 670 97
4590 3761 99
2987 4590 88
353 2987 100
2835 353 19
2835 283 47
283 1717 12
1726 1717 84
1726 1066 28
1066 1076 7
1395 1076 71
1395 3222 9
3222 332 24
332 3769 52
3769 2999 47
1736 2999 21
3248 1736 90
3248 269 24
3945 269 92
3471 3945 31
82 3471 100
3275 82 61
3275 2380 59
2380 312 73
312 4930 8
4930 1240 41
3208 1240 52
3901 3208 29
3901 2538 53
3604 2538 98
724 3604 56
724 2370 75
2370 4356 76
917 4356 99
917 4171 42
2689 4171 61
2689 316 72
2977 316 70
1438 2977 15
1438 4442 95
1350 4442 71
2231 1350 63
1735 2231 40
1735 2549 57
577 2549 47
577 2404 40
2404 2224 80
2224 1215 30
4545 1215 25
2095 4545 98
2095 781 23
1707 781 35
4022 1707 29
4022 2327 96
2327 420 30
420 2752 69
1046 2752 10
1875 1046 23
2011 1875 40
2011 951 59
951 2695 22
2695 4460 6
4460 3043 16
2964 3043 27
2964 526 13
3836 526 46
3836 3492 87
3492 3927 70
3927 4668 82
2034 4668 51
2034 360 28
360 3283 37
3283 4149 6
2108 4149 81
2108 2417 46
4255 2417 50
891 4255 9
2989 891 49
2993 2989 6
2993 3889 11
3889 3963 14
1140 3963 76
1140 1189 93
1189 2080 91
1135 2080 78
4641 1135 39
4641 2911 72
899 2911 51
899 4472 68
4472 3524 91
3524 1112 85
1112 1296 74
868 1296 59
868 2058 22
2058 1331 53
2715 1331 79
1202 2715 76
513 1202 29
3984 513 40
3918 3984 78
3918 4155 89
1251 4155 48
1251 1153 72
1524 1153 13
1524 1256 93
1256 1375 45
1375 4 13
1098 4 65
1098 2284 58
3818 2284 40
3818 898 100
882 898 29
882 636 25
636 3003 35
4670 3003 62
2416 4670 38
2416 185 16
185 4500 60
3046 4500 67
3046 495 51
2997 495 46
2290 2997 5
2290 3536 44
3536 2669 27
2759 2669 14
2759 4051 84
4051 2863 66
2333 2863 16
2333 1002 24
1430 1002 52
2457 1430 68
4314 2457 98
4314 4330 48
4330 1878 12
714 1878 73
778 714 96
4065 778 56
460 4065 43
460 4437 18
4437 1854 2
3290 1854 94
2896 3290 43
2896 4483 86
4136 4483 48
4136 619 29
2448 619 13
2448 4981 67
3991 4981 80
1888 3991 71
1888 2509 1
4300 2509 33
142 4300 75
142 52 7
1553 52 13
1553 3953 76
3376 3953 97
3376 2710 72
641 2710 31
641 646 19
1509 646 86
4306 1509 42
2678 4306 44
2678 2890 11
4962 2890 97
2605 4962 41
2717 2605 75
1418 2717 50
1418 2041 74
2905 2041 58
2905 240 3
240 2134 47
2134 4189 96
4189 913 40
913 302 52
1103 302 12
2272 1103 94
2272 1693 95
3285 1693 59
3285 34 91
3305 34 63
3305 1620 87
1620 972 36
2962 972 89
2962 4446 17
3602 4446 13
681 3602 83
2232 681 26
2232 3273 73
3273 2158 89
2158 4474 76
3340 4474 88
2421 3340 48
2421 1808 62
1721 1808 87
2230 1721 93
2230 892 28
1334 892 62
1334 1036 38
779 1036 60
922 779 58
3400 922 37
3481 3400 93
3481 1694 99
3455 1694 31
1680 3455 29
1680 4857 50
1169 4857 39
961 1169 54
4882 961 55
252 4882 34
252 4578 94
4578 1541 16
4409 1541 96
4008 4409 99
4008 712 44
712 1182 85
4685 1182 14
2359 4685 47
739 2359 49
739 4718 34
4718 936 56
936 4760 77
4760 3229 10
4341 3229 95
4341 1275 76
1275 72 15
72 2419 31
2419 93 91
93 505 60
2171 505 11
1758 2171 45
4741 1758 37
4891 4741 35
2782 4891 33
3194 2782 35
1536 3194 96
1536 2929 37
2929 1986 8
3515 1986 38
3515 1941 6
3950 1941 97
3950 4707 60
2057 4707 88
1354 2057 54
1354 1604 89
2032 1604 77
2032 1160 29
4352 1160 44
1464 4352 51
1464 1159 98
1159 395 85
395 677 33
524 677 59
524 2838 23
2838 3932 24
3932 1967 6
1293 1967 16
3107 1293 90
3107 1308 100
3512 1308 77
4321 3512 59
2664 4321 31
3429 2664 44
471 3429 30
4338 471 57
4338 4837 64
4837 2135 41
2135 3849 47
480 3849 52
2391 480 60
3845 2391 9
3845 2071 55
2071 144 5
144 3105 91
2226 3105 2
2226 410 23
2341 410 48
4952 2341 13
4952 1635 72
1635 1544 77
1817 1544 48
3068 1817 74
3068 4395 2
4395 4995 66
2485 4995 12
2254 2485 50
2254 1769 43
1769 1859 46
1859 3039 86
4276 3039 66
4276 4183 57
918 4183 98
918 698 39
3382 698 26
59 3382 93
4927 59 14
4927 2817 50
2817 1004 16
1004 3596 88
962 3596 99
2461 962 86
2461 1976 81
1976 2665 25
2665 3324 4
3324 2861 34
3582 2861 30
1139 3582 99
2392 1139 87
479 2392 59
763 479 41
1543 763 62
1979 1543 17
3238 1979 28
3238 4315 88
4315 4106 33
4410 4106 20
4410 3152 20
3152 3802 75
4436 3802 6
2281 4436 75
2281 289 5
4212 289 25
4212 467 73
3301 467 20
4621 3301 75
4621 742 21
742 3338 17
4328 3338 92
485 4328 48
485 1600 38
1600 1837 80
1837 1551 93
2454 1551 42
2251 2454 51
2251 1487 9
1212 1487 58
149 1212 77
1360 149 64
1360 342 24
342 4548 63
4548 2836 79
2836 3199 16
3199 1523 81
1523 282 56
282 13 49
13 2307 49
156 2307 37
156 4522 55
4522 3352 91
1268 3352 68
1268 2116 93
4810 2116 8
4810 1195 70
1195 4440 69
4440 3552 76
245 3552 24
682 245 52
682 3747 82
3747 3651 63
3651 4027 37
4027 2887 17
530 2887 35
4547 530 18
4547 3440 77
3681 3440 13
3681 3031 34
1371 3031 77
3327 1371 4
3327 4033 6
4664 4033 11
1347 4664 28
1347 415 19
894 415 63
894 2017 50
1571 2017 15
2926 1571 45
2926 2500 53
2500 2090 99
2090 2519 46
2519 3265 53
3265 3341 36
3341 1184 27
4652 1184 96
3886 4652 17
116 3886 97
116 361 17
361 1673 10
1673 463 17
463 1886 66
1756 1886 75
2758 1756 99
656 2758 80
656 4213 94
4213 352 73
352 600 33
600 2776 66
2881 2776 43
2881 3410 14
3410 190 34
190 4445 99
4445 1842 13
2172 1842 42
2172 4305 3
4305 1972 2
259 1972 1
259 1049 79
1049 783 48
783 2026 41
4108 2026 1
2376 4108 44
2376 1739 33
2387 1739 75
3002 2387 93
3002 3360 90
4659 3360 32
3810 4659 19
1525 3810 46
3344 1525 29
3542 3344 96
3436 3542 97
3898 3436 37
3898 4514 70
4514 4206 33
4206 2886 46
2886 975 15
975 1928 78
1928 3114 45
1709 3114 96
916 1709 100
916 1959 55
1959 4260 63
4260 50 98
1175 50 70
3560 1175 61
481 3560 33
481 4569 37
4569 4762 83
4762 2661 35
4758 2661 39
4758 3110 23
3110 1783 69
1783 4295 43
4295 3178 29
3870 3178 72
2394 3870 64
2394 1796 47
4625 1796 40
2658 4625 18
3276 2658 28
2569 3276 25
1994 2569 65
4389 1994 28
4389 4565 1
3203 4565 5
2225 3203 10
2225 840 27
1381 840 88
2146 1381 89
2146 1672 47
1458 1672 40
3097 1458 40
3097 2607 1
2607 2853 52
2603 2853 82
2603 2805 4
2805 1497 76
1497 970 83
1200 970 47
1200 4266 90
4266 3828 86
3828 2825 56
1034 2825 12
1034 200 40
200 2465 67
2465 4818 82
2015 4818 66
613 2015 94
1611 613 16
1611 3921 45
4307 3921 38
2895 4307 85
2325 2895 21
514 2325 33
777 514 63
1921 777 78
1904 1921 35
1904 761 38
761 2405 18
422 2405 37
422 1692 58
1812 1692 54
1812 1925 14
1795 1925 62
2506 1795 16
2506 2822 25
2822 1587 43
3517 1587 4
966 3517 3
966 4465 96
3737 4465 41
3737 2834 46
2834 2869 37
4174 2869 83
4174 4679 92
4679 3449 52
3741 3449 82
3741 1719 49
1719 1009 37
1009 4019 99
4820 4019 11
4820 3186 53
3186 3171 81
3171 238 51
238 2516 1
4179 2516 49
4179 3722 38
4712 3722 79
74 4712 55
525 74 35
525 3346 12
3346 588 69
3581 588 48
1377 3581 82
1377 1286 17
1286 2488 16
1623 2488 4
1623 4910 95
2554 4910 80
2554 2642 27
2642 1731 30
1731 1088 60
4658 1088 54
254 4658 59
1774 254 50
29 1774 61
29 826 46
826 667 95
2823 667 47
2823 4203 84
432 4203 6
432 2474 91
1206 2474 3
1206 3804 22
3804 3442 18
3442 4677 63
4677 929 5
929 4924 44
4924 4291 8
4291 3502 13
2772 3502 67
4320 2772 35
4320 2765 48
2765 1978 33
784 1978 69
784 58 7
58 1873 74
1873 4023 24
4023 4895 34
4258 4895 45
497 4258 78
497 236 62
236 2937 57
2937 1902 52
4419 1902 19
4419 189 89
189 1068 14
414 1068 25
414 1039 18
4878 1039 46
4878 2879 6
2879 3758 42
3758 2736 89
3566 2736 89
2223 3566 88
2223 3819 16
3713 3819 59
2247 3713 77
2247 165 25
165 771 62
2204 771 2
4965 2204 56
1700 4965 42
2375 1700 17
716 2375 67
716 3348 21
3348 4285 12
4285 2923 2
2358 2923 61
195 2358 91
195 1754 76
3100 1754 32
3100 2433 48
4914 2433 88
320 4914 100
2424 320 95
2424 3038 95
4399 3038 91
4399 3835 46
2236 3835 95
2856 2236 94
2856 1958 77
1958 3264 87
3264 2927 76
2243 2927 81
3703 2243 3
1193 3703 98
64 1193 65
64 1091 92
3466 1091 48
3466 2523 33
2523 2579 80
4185 2579 35
4185 1372 100
1372 3246 4
2386 3246 33
2386 2013 57
2013 1495 97
3783 1495 1
3717 3783 22
2072 3717 80
2072 3702 100
28 3702 44
28 4885 63
4885 3113 71
1542 3113 100
1542 2815 52
2815 3677 93
3680 3677 32
1404 3680 22
2067 1404 84
2957 2067 56
2701 2957 35
363 2701 72
2584 363 6
2584 3678 64
3678 2894 91
2125 2894 67
1741 2125 65
1741 1962 39
1352 1962 62
1352 230 6
4557 230 58
4557 1147 77
2685 1147 80
2685 4809 73
4809 234 57
234 2257 64
2257 1954 81
1954 3697 45
3697 3313 96
4811 3313 8
2338 4811 22
2338 3881 49
3881 126 40
3468 126 54
3468 3720 30
2646 3720 5
2646 535 95
535 1151 98
1151 1119 39
1119 4919 58
1191 4919 50
1191 1223 30
1223 1211 36
1211 1449 26
1449 1583 31
1583 4037 53
2692 4037 38
2692 2824 42
2824 164 45
164 425 69
3686 425 29
4515 3686 53
4515 870 6
870 2473 69
2473 3746 16
3746 347 26
347 3258 17
3258 1410 17
4115 1410 55
4115 2010 76
1572 2010 13
1572 3868 51
3868 1035 13
1035 4343 4
4646 4343 46
3506 4646 5
3506 123 90
2986 123 8
2986 1636 90
1299 1636 3
4653 1299 2
4653 3136 3
203 3136 6
1937 203 92
1382 1937 66
4269 1382 77
1241 4269 54
1241 67 88
67 1742 51
4058 1742 24
1359 4058 46
861 1359 92
2051 861 56
1457 2051 18
1457 3929 87
3929 2907 89
2907 3102 100
4463 3102 20
451 4463 40
3675 451 13
3675 2265 16
553 2265 91
553 3292 13
1656 3292 71
1656 3335 62
3319 3335 91
3319 4086 84
2455 4086 5
2455 3339 39
3339 1763 5
1763 4263 26
2945 4263 64
2216 2945 53
2216 4434 37
4738 4434 54
4738 1874 43
1874 629 28
629 1085 47
1061 1085 51
1061 2730 87
2298 2730 25
2298 1111 80
1111 2471 56
2471 2496 19
4360 2496 80
897 4360 5
1401 897 7
1401 3462 7
4731 3462 100
4678 4731 63
4678 183 2
3184 183 10
2077 3184 44
1349 2077 83
1349 1603 62
286 1603 64
1481 286 44
1481 3298 52
4960 3298 28
4900 4960 81
4900 2587 4
3419 2587 80
3419 4866 25
2902 4866 39
911 2902 23
911 2976 15
2976 532 53
2352 532 61
2030 2352 88
2030 1439 33
1439 1281 55
1991 1281 5
1368 1991 89
1368 4287 76
4287 4797 23
3316 4797 14
1328 3316 20
3983 1328 94
4680 3983 96
4680 4917 18
4917 3434 31
3434 4416 79
4416 1156 80
3943 1156 46
3943 2948 2
4552 2948 69
2913 4552 1
1096 2913 7
3653 1096 48
4587 3653 15
4001 4587 93
2531 4001 77
3144 2531 45
3144 4146 37
2436 4146 5
2436 2567 54
2567 4068 53
3197 4068 34
3197 2126 86
4368 2126 37
291 4368 26
291 426 31
426 2447 52
2447 4807 39
1422 4807 31
1422 817 66
817 4046 68
4046 1891 37
1891 4138 25
940 4138 48
2804 940 56
2804 538 71
538 1090 18
1625 1090 16
1625 1684 32
1684 4084 93
4084 1884 27
4999 1884 76
2407 4999 95
2407 529 67
4533 529 81
4533 4800 54
4800 4949 39
4949 551 50
551 458 95
458 1529 31
1529 3156 49
2995 3156 24
4770 2995 79
591 4770 74
591 4482 3
4482 78 12
78 2291 47
4351 2291 52
3784 4351 84
3784 3393 55
3393 2659 50
2659 4278 63
4278 4840 45
822 4840 85
822 3912 91
4369 3912 44
4369 1451 53
1114 1451 68
1114 1124 32
1124 1018 53
450 1018 67
450 805 1
805 2719 98
2719 3024 11
3024 1846 86
1846 1180 20
1180 4074 84
623 4074 47
623 4806 89
4806 4695 95
2628 4695 70
2628 4529 71
2384 4529 32
2961 2384 17
2961 23 28
4076 23 15
4076 1270 71
2596 1270 77
2596 1792 35
1792 2128 26
1595 2128 13
2960 1595 44
2960 1644 94
1644 4052 55
2208 4052 39
2208 1239 65
1239 2589 5
3281 2589 71
1593 3281 82
4319 1593 28
4319 439 82
1437 439 7
626 1437 30
626 2841 76
649 2841 60
2259 649 17
4492 2259 96
942 4492 19
942 829 52
829 2024 12
2263 2024 97
2263 1038 48
3162 1038 98
4940 3162 9
1852 4940 56
4158 1852 66
4158 653 28
653 4365 77
4365 2176 62
2176 932 4
4645 932 65
4842 4645 79
4842 1841 69
1392 1841 54
2377 1392 89
2377 947 25
1074 947 43
1074 3293 10
1907 3293 75
3146 1907 66
3146 1470 70
1470 4850 63
4850 3822 51
3822 3618 83
3658 3618 3
1295 3658 42
1295 4104 21
429 4104 67
4211 429 39
4211 1915 39
1915 3250 82
3250 2586 51
2586 2491 50
2491 2688 54
2725 2688 5
2787 2725 25
2787 4331 100
4331 2088 90
2088 2738 61
2738 369 3
369 4411 12
215 4411 81
215 2624 42
2624 2727 20
2727 1642 70
2122 1642 22
2122 1174 84
1441 1174 27
1441 749 3
749 317 15
317 256 51
2005 256 8
2005 968 51
968 2076 18
3711 2076 16
3711 914 27
914 709 44
709 3322 53
3322 174 68
3700 174 9
4869 3700 13
4869 1613 32
1613 2548 82
2548 1637 21
3528 1637 81
3278 3528 16
3663 3278 6
2428 3663 19
4507 2428 60
4507 1814 10
1814 804 76
612 804 3
612 515 21
4851 515 41
176 4851 81
3223 176 17
1266 3223 98
1266 3296 31
3296 729 42
4036 729 7
4036 212 5
3477 212 44
3477 3129 26
2639 3129 8
2639 2949 80
457 2949 12
457 362 100
912 362 91
696 912 95
696 3394 15
1776 3394 81
2733 1776 11
2733 192 60
620 192 59
3099 620 19
3099 1816 33
2820 1816 56
2820 1287 2
1287 4020 27
4020 3025 94
1253 3025 48
3365 1253 44
710 3365 83
3479 710 91
3479 1225 77
1335 1225 31
1335 2657 87
2657 1031 82
1031 1067 80
1234 1067 73
3446 1234 33
3446 301 34
301 4519 84
44 4519 5
306 44 27
3478 306 97
1677 3478 5
170 1677 53
405 170 76
405 3450 17
3450 4126 18
4126 4223 15
4223 2497 54
2497 1568 80
1568 1638 14
4660 1638 3
2367 4660 30
4768 2367 61
4768 1681 8
1681 3490 72
4756 3490 12
4756 1409 44
1409 1469 16
1469 3893 98
3893 1679 94
1679 4157 16
4157 1746 45
4383 1746 91
4383 1415 8
4430 1415 46
2813 4430 23
3751 2813 80
3799 3751 53
4715 3799 64
3460 4715 23
4737 3460 83
3231 4737 51
3231 3674 32
3674 4864 2
4864 3689 98
2423 3689 68
705 2423 51
705 1129 88
4620 1129 58
4812 4620 100
1171 4812 46
1171 3361 38
104 3361 36
1199 104 94
831 1199 39
3475 831 9
3475 4366 15
1782 4366 95
1782 4542 75
813 4542 20
813 1953 92
1770 1953 81
1770 92 30
92 4536 43
1562 4536 22
1562 1530 87
1948 1530 30
1948 1327 37
1327 3315 5
3315 2357 95
4089 2357 25
4575 4089 84
4575 4079 25
4079 3827 93
4636 3827 89
4636 3562 15
3562 4887 78
1339 4887 71
3999 1339 66
2074 3999 57
3996 2074 51
359 3996 50
359 5 79
5 2653 56
2653 3067 63
2064 3067 40
2064 3408 16
3408 727 71
727 2979 6
3149 2979 69
3149 4490 44
3048 4490 76
2174 3048 72
1051 2174 51
2796 1051 92
2796 4098 100
4098 2846 23
2846 4120 44
4120 4103 51
4103 1474 17
1474 1323 96
1323 2314 15
2314 3752 4
3752 2595 74
2595 4201 91
56 4201 91
4197 56 64
3417 4197 61
3417 2925 61
935 2925 98
935 3762 34
3762 2532 36
2532 2019 26
776 2019 89
776 436 52
4374 436 40
4374 4862 59
3447 4862 99
3447 624 88
131 624 83
3939 131 2
4572 3939 53
4572 2435 10
2435 4540 72
1417 4540 56
3060 1417 56
3060 2728 24
2728 1946 53
1946 3603 90
3603 1399 84
4458 1399 83
3364 4458 23
554 3364 43
554 1307 16
1307 1435 47
1435 531 89
531 3214 46
1688 3214 41
1688 4613 17
4613 1213 50
487 1213 52
487 4958 100
4080 4958 99
2489 4080 51
2489 4781 31
391 4781 84
2167 391 45
2167 2826 2
2826 4301 96
1157 4301 88
1157 794 19
794 3189 39
3189 2262 10
2253 2262 48
2819 2253 83
48 2819 44
4989 48 100
4989 2632 77
997 2632 72
4427 997 72
631 4427 24
1187 631 87
1187 32 62
730 32 99
3254 730 68
3254 1588 51
1588 475 48
475 909 97
909 2643 89
2643 4222 80
4222 3899 59
3899 4700 47
4700 2336 90
2336 4739 26
2464 4739 77
2464 3262 61
3262 1971 7
4163 1971 65
4163 4101 46
4101 3132 26
3132 214 94
2648 214 74
4594 2648 4
4594 313 93
313 57 26
57 24 73
883 24 69
883 97 69
97 1033 90
46 1033 14
2400 46 93
2400 2680 43
4846 2680 48
346 4846 32
346 2315 50
1282 2315 85
1282 139 90
139 1772 47
3785 1772 36
1063 3785 90
1063 3757 20
4184 3757 64
2626 4184 15
2626 2187 17
2187 1552 15
1552 2908 68
2908 1479 95
1479 2851 11
2851 3445 41
3445 1803 24
4274 1803 94
780 4274 88
780 2353 46
1589 2353 19
1100 1589 33
1238 1100 99
2663 1238 62
1219 2663 58
1219 4358 21
4358 2778 41
2778 1570 8
1570 2891 6
2891 2553 43
865 2553 92
865 4881 6
4504 4881 56
4504 1414 29
3498 1414 37
3498 3329 18
3329 1670 57
1670 2073 39
2073 4836 64
37 4836 87
2271 37 20
2271 3850 70
1708 3850 78
1708 4736 56
3062 4736 89
3062 2083 66
2083 2807 3
2807 3694 29
3694 4877 23
4877 270 98
270 119 16
119 1695 15
3833 1695 72
3833 4055 20
3786 4055 31
3786 1608 47
1608 4899 99
741 4899 63
741 197 42
197 2988 61
61 2988 78
61 3920 61
3920 4123 45
4123 546 58
546 179 63
179 1639 32
1639 324 64
1940 324 46
1823 1940 68
1823 4007 68
4007 499 27
3018 499 67
1540 3018 1
1713 1540 33
4778 1713 75
2477 4778 83
610 2477 29
610 1406 86
3091 1406 38
3091 1596 88
1596 168 11
168 4890 74
2198 4890 71
228 2198 94
2959 228 35
2184 2959 30
2184 2867 56
3118 2867 80
3118 2667 73
4735 2667 83
4735 877 78
877 648 50
648 321 1
321 1069 77
4214 1069 5
2313 4214 85
2313 3141 92
3141 3226 51
3476 3226 80
3476 226 20
819 226 97
819 2487 41
296 2487 88
364 296 87
364 2467 46
2716 2467 51
354 2716 25
354 2909 91
2909 62 65
95 62 95
95 2040 12
1254 2040 81
1254 4559 38
687 4559 90
687 3730 47
2043 3730 1
2743 2043 64
689 2743 51
689 2539 94
2539 4066 57
4066 4959 52
4959 77 45
1998 77 35
1998 91 9
91 1563 80
3880 1563 9
3880 3409 91
3409 3497 7
3764 3497 27
3764 3133 6
330 3133 98
3691 330 68
3691 3621 40
3621 2914 68
2914 472 73
472 2373 92
2373 1400 12
334 1400 71
3725 334 15
3725 3519 93
3519 3259 65
3736 3259 77
2007 3736 81
3637 2007 52
3637 1780 24
1780 1012 14
1527 1012 97
4748 1527 6
4748 2197 58
3611 2197 58
2322 3611 40
2322 2483 19
4835 2483 75
4617 4835 84
4617 2522 23
3979 2522 21
3345 3979 47
3345 4676 14
244 4676 45
2478 244 34
4764 2478 29
3734 4764 41
3734 209 35
15 209 40
1178 15 40
1178 752 6
752 3654 39
3654 4666 53
4666 2842 47
2827 2842 36
2827 1087 56
213 1087 43
213 2101 92
2963 2101 79
2963 2446 30
4050 2446 74
4050 3200 81
1440 3200 57
1440 219 54
219 3082 9
1850 3082 18
995 1850 21
4732 995 8
527 4732 77
4982 527 15
1633 4982 97
60 1633 28
60 1025 3
4568 1025 93
1615 4568 40
830 1615 90
830 1113 16
2619 1113 66
2619 1370 83
1370 4224 77
4224 193 15
3303 193 85
3571 3303 39
976 3571 23
976 927 26
927 3206 42
3206 4400 55
3217 4400 34
3047 3217 52
3047 3426 11
652 3426 3
652 45 29
721 45 18
3971 721 48
3971 3551 1
3540 3551 72
2085 3540 65
2085 2536 12
1060 2536 26
1060 400 9
400 4936 59
3724 4936 43
3724 4249 72
601 4249 1
2833 601 53
1082 2833 22
1082 3840 51
3840 110 34
107 110 88
135 107 21
135 134 33
4322 134 86
4322 848 78
848 1691 40
1691 3954 90
3954 1198 39
1198 3318 43
3318 243 38
4099 243 28
2575 4099 40
490 2575 60
1378 490 49
4402 1378 83
1097 4402 68
4838 1097 72
688 4838 81
688 680 52
3837 680 13
3837 2308 9
4072 2308 23
971 4072 74
971 3103 35
2545 3103 46
2582 2545 80
2582 3539 81
80 3539 38
4459 80 66
4459 3662 11
3662 2434 66
2434 965 1
4112 965 98
4253 4112 23
1892 4253 43
3937 1892 60
3853 3937 62
4131 3853 89
4131 4956 29
1501 4956 25
1501 878 45
878 4169 50
3549 4169 47
3549 280 26
3204 280 84
616 3204 11
4154 616 28
4154 4498 45
2750 4498 9
4945 2750 45
4945 4957 91
3770 4957 79
3407 3770 92
862 3407 91
862 4455 41
4455 4955 2
4955 2089 21
2089 4819 77
4354 4819 80
4354 3101 71
3101 2036 82
2606 2036 40
3049 2606 6
3049 1927 31
3896 1927 67
3896 571 63
571 3556 25
1276 3556 69
4631 1276 60
3165 4631 24
3613 3165 2
2060 3613 83
2060 1765 99
250 1765 58
1136 250 47
1136 3974 84
3974 3328 15
1519 3328 53
1519 4681 73
43 4681 26
614 43 24
614 2114 32
2114 4070 18
4070 872 88
3150 872 43
3150 2884 77
2884 3249 83
3249 602 66
602 1752 32
3084 1752 75
3084 3034 32
3034 1486 28
4601 1486 2
4601 3253 60
3253 3252 48
3252 26 96
26 300 86
2039 300 82
2039 1102 87
1188 1102 36
1188 3531 16
1484 3531 44
2533 1484 98
3185 2533 39
4750 3185 94
4750 668 12
668 2402 66
2402 559 70
1616 559 86
2381 1616 82
2381 4888 12
2004 4888 90
4713 2004 89
4713 4130 13
2712 4130 24
2712 2038 87
2038 1968 84
1968 1261 93
1261 552 39
2318 552 48
3878 2318 15
3801 3878 66
3801 3 23
3 1496 89
2382 1496 13
2382 1822 36
1822 366 70
596 366 85
2514 596 23
2514 3550 3
3550 1970 76
1970 952 4
952 2276 96
2276 1250 1
2212 1250 1
2212 2515 76
3909 2515 40
2123 3909 38
2388 2123 82
2388 2140 44
202 2140 31
202 1292 98
2258 1292 59
2258 3019 100
2098 3019 45
207 2098 77
404 207 51
1858 404 64
1858 4060 75
4060 2748 6
706 2748 46
2744 706 82
2744 140 47
140 2943 49
2202 2943 39
2202 3574 58
3574 2581 63
2581 1558 51
1558 3066 24
1844 3066 84
1844 4651 71
4651 3749 15
2556 3749 10
2556 3632 71
1019 3632 14
1081 1019 68
1081 2565 23
2565 3228 89
3228 3267 63
3267 2222 64
3487 2222 84
2812 3487 30
2812 2793 88
2793 4555 50
625 4555 91
625 4393 22
4393 3926 42
3926 2168 35
1220 2168 89
1220 1442 43
4279 1442 70
4279 2631 97
253 2631 77
253 4872 17
3096 4872 39
3096 4237 17
4237 468 9
468 796 15
796 430 93
430 4607 26
4607 1125 48
1125 3561 74
3740 3561 45
3740 344 82
344 4081 51
4081 339 60
339 2966 5
2966 2739 17
2739 1698 3
1827 1698 80
1827 857 71
857 518 43
518 957 92
957 38 72
3776 38 52
3776 603 38
4525 603 60
4525 1804 91
4752 1804 22
4752 1471 92
1471 3805 83
1843 3805 83
1843 2462 3
2462 4798 93
3544 4798 90
4010 3544 62
4010 3005 40
3005 3526 5
1555 3526 28
3816 1555 72
3816 2677 26
1494 2677 93
1494 2900 92
2900 1216 24
1216 2550 49
2946 2550 51
786 2946 72
4831 786 99
4831 1089 54
1089 2269 31
2269 3778 23
3778 2246 92
3304 2246 98
3304 2326 34
2326 4772 81
1578 4772 78
760 1578 56
760 561 89
561 1890 78
746 1890 79
746 3181 33
3181 157 23
157 3320 17
502 3320 14
476 502 13
4329 476 91
281 4329 25
281 3792 87
4324 3792 21
4324 4457 94
4550 4457 18
4550 431 45
2699 431 98
2228 2699 39
2228 958 29
3781 958 28
3781 216 8
2115 216 3
2115 4624 69
1405 4624 16
1405 2676 72
2676 2494 90
4049 2494 1
583 4049 5
583 290 90
1080 290 79
1080 1682 89
3272 1682 81
3272 647 51
3933 647 72
232 3933 53
232 1658 26
1658 3337 86
3337 1899 73
3057 1899 26
3057 1690 64
618 1690 1
2630 618 39
3251 2630 56
2335 3251 82
2335 4196 62
4196 1510 23
799 1510 97
799 1824 11
3895 1824 86
4665 3895 9
3626 4665 79
3626 3659 68
3659 3756 37
1831 3756 97
428 1831 45
3848 428 7
4293 3848 59
4293 3001 100
3001 1866 34
3403 1866 31
573 3403 34
3277 573 43
3277 2687 66
2687 4672 15
4980 4672 69
2788 4980 27
2788 4605 96
2207 4605 96
2207 2480 57
36 2480 50
3627 36 84
3627 2771 43
4721 2771 13
4721 4608 12
4608 4618 85
4618 4968 13
4968 1867 47
1867 2850 1
3917 2850 74
3917 3387 68
3867 3387 65
4948 3867 62
4948 4199 66
4199 925 98
396 925 40
1649 396 22
1649 3157 41
3157 1855 61
1855 1515 75
1515 1425 39
1425 4880 13
4880 4497 66
4497 2309 99
2309 133 96
1801 133 85
1015 1801 69
1865 1015 3
1294 1865 33
1294 2604 81
2604 1446 17
1446 948 14
948 4686 1
4686 2159 73
3578 2159 4
3578 541 24
541 4554 47
4554 3398 65
3398 520 78
2525 520 93
1385 2525 72
1385 2671 81
2671 905 78
2871 905 27
4932 2871 47
2942 4932 90
2942 2875 88
4415 2875 58
3159 4415 69
3159 2345 58
2345 1042 64
1042 3182 81
3182 2857 35
2857 2213 36
2213 3914 7
3914 4923 100
4923 1420 86
1420 1313 62
1313 4546 56
3286 4546 76
3286 325 90
325 3635 22
3635 665 73
3834 665 90
3834 3119 47
787 3119 10
1944 787 35
4192 1944 15
4192 4145 19
1511 4145 20
1511 498 4
498 4845 99
4845 293 71
1712 293 50
1712 557 35
978 557 76
978 4682 39
3332 4682 74
2674 3332 49
2674 3279 58
3279 2169 55
4064 2169 30
642 4064 53
1050 642 100
1050 222 89
222 3975 41
3975 3237 36
2059 3237 17
2059 2691 21
2691 1093 45
3779 1093 14
3779 2637 52
2637 1390 23
1390 2264 23
2264 4985 61
161 4985 48
4977 161 83
2270 4977 3
2270 818 92
818 1164 20
1164 1607 41
1607 1278 14
3167 1278 58
3167 2214 61
2214 4909 90
3546 4909 93
1453 3546 61
1453 1557 41
1557 4405 63
2046 4405 48
3555 2046 76
3555 2535 80
1155 2535 44
385 1155 29
385 1912 52
1912 1228 61
1228 4062 84
4062 3422 58
2540 3422 50
2540 939 18
939 1514 63
1514 4868 73
3218 4868 49
3218 2161 59
2161 17 8
17 2542 98
2542 3353 3
3852 3353 56
1883 3852 70
4993 1883 60
4993 4408 60
4384 4408 38
4384 493 84
4946 493 75
4946 345 62
1582 345 68
704 1582 83
704 1450 81
3205 1450 78
3735 3205 93
3735 356 22
356 2278 66
2278 2084 87
2084 2572 24
2572 478 67
478 4988 9
4071 4988 18
4071 4088 34
4088 2566 82
977 2566 73
3459 977 69
3982 3459 80
744 3982 43
744 1183 99
1183 447 36
3362 447 82
3362 4986 48
1248 4986 74
1248 2799 28
231 2799 43
231 3094 59
3094 3378 72
3378 3649 93
3649 2361 13
4589 2361 77
1315 4589 82
1315 798 79
2576 798 35
4090 2576 3
4090 1747 83
1747 4905 76
4905 3631 21
4210 3631 45
4210 1454 49
1454 4787 45
4787 2355 7
2355 4528 33
4528 1759 8
1759 2655 81
4566 2655 13
3076 4566 96
4675 3076 63
795 4675 26
795 2206 18
4102 2206 55
3073 4102 48
775 3073 6
2779 775 84
2779 3595 92
3595 49 14
2210 49 21
2294 2210 4
2294 271 59
271 1120 81
1120 1687 73
2343 1687 70
2343 4654 39
4654 7 32
3612 7 21
1233 3612 66
465 1233 97
465 3383 79
3383 2854 38
3134 2854 83
3134 4462 80
4166 4462 4
4225 4166 62
4225 4286 96
4286 3052 57
3052 3608 56
3608 1485 47
1485 177 54
177 2252 100
443 2252 71
4745 443 87
4745 1777 65
2629 1777 84
2629 4337 2
4398 4337 65
4175 4398 94
4175 1426 91
1426 960 59
3463 960 28
3463 3572 15
3572 4883 89
2672 4883 9
2672 663 46
2700 663 32
2700 748 35
3414 748 50
3797 3414 64
4518 3797 38
217 4518 67
217 2711 5
3402 2711 52
1398 3402 78
1398 297 46
1995 297 53
1995 1836 14
1836 141 28
141 1059 84
4011 1059 83
1860 4011 22
2668 1860 39
4059 2668 6
4059 672 47
672 1749 50
4310 1749 8
1071 4310 53
365 1071 97
365 1134 80
1134 825 58
4355 825 34
3821 4355 97
3821 3261 95
3261 3597 81
2955 3597 58
3869 2955 45
4972 3869 2
4972 4152 79
160 4152 85
160 2078 37
3530 2078 4
3530 3358 10
3754 3358 77
3754 1718 49
1876 1718 2
4839 1876 87
3589 4839 88
1597 3589 14
921 1597 81
921 4898 93
1284 4898 45
1284 1666 14
1666 2917 40
2917 2220 74
2399 2220 94
4229 2399 41
2274 4229 74
1305 2274 83
4961 1305 38
3092 4961 3
3092 1297 47
1297 4240 2
2346 4240 33
2346 4153 44
3148 4153 32
277 3148 57
277 3844 14
3844 3622 52
3622 2651 56
1830 2651 40
4392 1830 92
247 4392 80
247 2449 97
14 2449 54
14 2859 32
2859 2818 14
4092 2818 80
4720 4092 100
4720 279 21
3800 279 36
3800 3865 63
3865 675 69
411 675 29
411 314 88
314 4413 92
2303 4413 67
657 2303 78
4637 657 14
4637 3484 18
3172 3484 90
3190 3172 13
2555 3190 78
2555 3441 22
3441 3729 62
3729 2729 31
2729 3875 83
3875 2188 57
4711 2188 23
1244 4711 24
1244 2599 80
2117 2599 87
1429 2117 46
1429 3906 21
615 3906 78
615 4239 31
4239 1070 86
1070 2616 12
2616 4816 18
4816 4216 86
611 4216 68
1369 611 14
1369 2718 31
1192 2718 57
1779 1192 92
3682 1779 11
633 3682 11
2062 633 70
2062 860 4
580 860 61
3495 580 86
69 3495 100
69 1290 6
1290 711 60
666 711 79
1755 666 57
4283 1755 12
4283 397 12
397 3656 32
3656 1689 85
105 1689 59
3513 105 89
3513 3164 83
3164 1162 5
4706 1162 49
4706 1053 3
1053 2928 6
2928 4340 3
2160 4340 31
2160 100 76
1661 100 31
3496 1661 72
4226 3496 23
4226 728 18
4403 728 99
4403 3952 77
4722 3952 96
4722 751 36
2633 751 33
2092 2633 61
4904 2092 79
3428 4904 49
3570 3428 33
3570 51 35
51 3879 70
3879 3174 55
3174 3211 90
1701 3211 20
1217 1701 26
3514 1217 78
764 3514 49
662 764 44
1072 662 42
1072 4643 72
3567 4643 55
3420 3567 57
3420 3482 26
3482 248 75
248 73 25
73 2275 99
2275 469 40
187 469 88
187 1799 10
1799 1342 74
1342 4038 98
4038 888 42
4422 888 96
4422 287 64
946 287 71
946 1466 100
1466 3599 31
3599 3669 47
409 3669 7
409 4003 15
4480 4003 26
4480 3028 19
3028 299 54
1714 299 95
4142 1714 67
866 4142 63
866 1767 56
521 1767 34
521 3055 39
2111 3055 78
800 2111 31
800 2568 6
1476 2568 22
229 1476 7
2679 229 63
2679 801 88
801 2237 35
2237 1952 60
1952 4308 90
4308 1533 82
1533 20 30
20 3147 80
2141 3147 23
1567 2141 86
4129 1567 61
1548 4129 59
1548 4508 93
4508 2329 54
3969 2329 77
3969 114 19
114 1981 73
1981 1628 18
101 1628 50
101 4933 40
4933 1662 75
1662 3743 100
3743 2800 50
2800 4502 3
4502 3718 64
3718 851 27
261 851 29
261 1815 94
1815 3667 79
4162 3667 55
3683 4162 65
1989 3683 71
3793 1989 31
3793 492 63
2583 492 40
3959 2583 27
2045 3959 36
2045 3227 20
3227 4538 13
4538 1573 90
407 1573 29
1993 407 1
2133 1993 67
2133 3469 36
4684 3469 12
3537 4684 15
3537 3069 23
754 3069 29
824 754 4
959 824 30
3325 959 50
1764 3325 18
1764 1643 52
145 1643 33
145 2227 6
2227 4218 74
4218 4854 88
4854 4673 39
4673 908 53
908 4582 46
3454 4582 72
3454 121 78
2547 121 31
125 2547 61
125 3601 59
3601 4024 31
517 4024 59
517 1724 6
1724 3523 74
1366 3523 6
1366 3516 77
3516 2096 77
2096 2660 45
2660 2974 19
2974 1221 30
4468 1221 93
4468 1362 58
1362 740 78
740 4113 4
4487 4113 14
4487 1641 60
2754 1641 33
355 2754 52
258 355 5
1849 258 97
1651 1849 82
3510 1651 49
4165 3510 29
3938 4165 35
4235 3938 90
4375 4235 5
4375 198 62
1272 198 69
1272 416 63
4865 416 74
1581 4865 45
327 1581 69
327 2790 53
1007 2790 98
1740 1007 63
2199 1740 44
2199 1177 33
3117 1177 47
3117 2476 15
1887 2476 77
1887 1258 62
3892 1258 42
76 3892 72
4509 76 66
4509 4021 100
4021 3004 18
4317 3004 96
4317 4267 49
1116 4267 81
1116 697 32
697 3059 65
3059 792 34
2324 792 5
2722 2324 13
308 2722 65
308 660 6
640 660 29
640 2915 55
1863 2915 52
2063 1863 7
2063 89 71
593 89 100
593 3699 76
3699 4029 76
4029 3175 45
295 3175 59
295 2425 41
1491 2425 51
1491 2809 96
1242 2809 3
1242 63 41
63 421 68
2735 421 87
2441 2735 55
2441 1340 39
357 1340 89
4435 357 40
1784 4435 51
1108 1784 40
984 1108 72
336 984 46
336 2175 12
2175 2368 30
2368 1916 12
1916 1118 23
2362 1118 87
2362 2153 72
4889 2153 64
4889 1363 83
1363 2693 69
4612 2693 85
4593 4612 64
4593 2705 62
2484 2705 50
4992 2484 16
2317 4992 24
2317 4078 90
4078 2440 39
1811 2440 43
1811 3871 38
3871 1391 20
3095 1391 21
3095 1934 100
1934 3569 7
3569 981 5
981 4783 100
4783 1775 89
2042 1775 54
2042 4346 79
4346 2588 8
1985 2588 78
1526 1985 16
1526 3085 57
3617 3085 46
3183 3617 16
3183 2397 26
2397 1128 71
1599 1128 38
1599 3976 76
3976 3401 81
267 3401 70
510 267 16
2495 510 29
2495 3225 51
3225 3221 99
4893 3221 44
4893 4302 50
4302 607 66
607 1923 93
1923 4655 42
2285 4655 43
4426 2285 13
4426 3522 25
1058 3522 25
1058 1386 59
2654 1386 53
1793 2654 33
1793 3695 42
953 3695 73
4531 953 45
4531 1052 73
1052 765 93
2087 765 87
3527 2087 34
3300 3527 9
3300 512 64
54 512 55
4592 54 61
4592 3919 95
99 3919 96
2785 99 11
2785 3282 65
4976 3282 19
4976 1447 55
1447 836 48
836 3269 8
4232 3269 15
4232 2627 38
2994 2627 51
4454 2994 73
4454 4561 29
1477 4561 59
1477 1618 96
1618 2022 49
2022 3525 22
3525 1646 98
1646 2708 41
2708 102 78
102 1870 70
1465 1870 25
1465 3036 61
3027 3036 58
604 3027 77
8 604 73
3187 8 5
4759 3187 44
4759 852 32
852 1301 84
1389 1301 20
1389 1911 36
1911 1676 51
1095 1676 43
1172 1095 83
1172 585 33
585 1353 20
1353 1455 72
2821 1455 71
2821 2056 72
1320 2056 73
1320 2451 3
2451 812 61
812 2517 2
2517 4987 91
4987 4852 20
941 4852 42
941 2501 85
2501 2507 40
2507 1460 33
1460 4122 4
4697 4122 38
3930 4697 86
3587 3930 41
1667 3587 24
1987 1667 38
1987 4644 71
1462 4644 98
1818 1462 33
1818 3962 88
3962 4172 51
4172 575 30
575 1901 13
1901 1048 67
4473 1048 16
4031 4473 40
4031 2192 91
225 2192 8
225 1443 93
3509 1443 57
494 3509 60
494 3499 34
3499 1044 62
1044 3857 20
3857 4151 49
4265 4151 55
4265 2552 51
2552 4703 51
4703 2613 45
1788 2613 53
474 1788 10
4908 474 94
4908 1640 43
1640 3161 6
2330 3161 62
2330 4638 78
3351 4638 62
3351 3014 32
3014 1207 77
1148 1207 26
1674 1148 8
1356 1674 78
4390 1356 20
2255 4390 60
1142 2255 40
4391 1142 10
3451 4391 98
1285 3451 91
1285 2528 47
2528 383 3
3949 383 62
1506 3949 99
4938 1506 33
4938 2415 2
2415 3212 26
2028 3212 22
2028 4556 20
4556 2468 82
2468 1054 32
1054 2296 45
2296 938 89
938 3645 82
3645 4177 65
488 4177 25
2816 488 46
2816 4635 45
4635 2956 85
2956 4159 31
4159 4628 79
4628 1186 25
699 1186 40
699 3480 26
508 3480 33
2761 508 40
2761 2426 71
2426 3640 97
1170 3640 47
1170 71 2
71 3210 72
4448 3210 84
4448 2617 35
869 2617 60
869 1864 18
1864 1463 26
1463 2837 4
2837 3543 16
3543 235 44
235 4597 35
4597 1321 53
1321 4813 35
4813 3493 14
1730 3493 82
1730 2996 50
3216 2996 15
3216 3807 25
3807 1383 38
1383 4849 20
679 4849 12
679 6 35
6 2475 50
2475 3467 15
4277 3467 20
4277 2972 35
4349 2972 86
66 4349 63
66 4826 68
4826 788 68
788 85 44
9 85 24
2094 9 66
2094 2751 83
2518 2751 26
2518 1716 46
1716 2649 85
175 2649 17
175 3907 86
1549 3907 59
1549 3169 25
3169 769 60
769 1214 27
86 1214 7
823 86 4
2806 823 74
2806 2585 78
3755 2585 64
3755 3706 24
3706 4520 53
3521 4520 32
3521 2734 27
854 2734 93
377 854 10
3719 377 41
3719 1566 30
3138 1566 21
3138 2295 84
4727 2295 98
4648 4727 8
4648 983 97
2411 983 69
2411 1909 58
1909 4926 97
3405 4926 3
4327 3405 14
2732 4327 47
2732 251 6
1894 251 90
1894 1550 68
112 1550 18
112 581 69
581 2170 76
2170 2527 100
2527 1705 20
1705 4194 84
4194 1645 31
1645 2682 84
2682 3946 32
3946 1856 95
1856 4357 53
2958 4357 93
2958 1310 25
1310 2868 46
3616 2868 42
3473 3616 15
900 3473 73
2953 900 81
2953 509 100
509 3594 15
2103 3594 85
2103 3973 87
3940 3973 60
3940 886 33
4227 886 59
1521 4227 8
919 1521 15
919 639 46
462 639 73
462 4937 46
690 4937 49
690 1671 19
3673 1671 4
3997 3673 1
2065 3997 38
84 2065 9
3714 84 100
3714 393 19
393 2401 23
871 2401 63
871 1732 97
4364 1732 11
4364 4688 83
2127 4688 26
4373 2127 47
3120 4373 70
3120 1508 63
3078 1508 37
3078 4228 2
4998 4228 86
2279 4998 78
1488 2279 85
1488 3760 72
3158 3760 44
2379 3158 20
3685 2379 98
3685 1833 63
1833 1733 92
1733 275 4
275 1393 70
1393 1150 5
2044 1150 59
1337 2044 56
1337 2578 57
2578 522 46
4567 522 21
4567 1505 70
1505 4495 26
853 4495 36
853 685 92
685 3900 89
3900 3357 16
3357 1043 33
3788 1043 33
3788 3710 37
3710 331 28
331 2934 43
2934 163 89
4254 163 6
4983 4254 78
3266 4983 3
3266 4791 14
3108 4791 74
3108 4803 66
4803 3130 96
3130 1361 59
2221 1361 9
4248 2221 89
4248 1397 41
223 1397 9
223 3989 30
3284 3989 19
1403 3284 3
2453 1403 19
2453 3687 27
3687 2054 51
2054 1561 25
4563 1561 64
4563 1715 76
1715 622 80
622 375 32
2656 375 91
1489 2656 48
1489 3763 70
3925 3763 44
319 3925 95
319 1205 48
1205 2932 6
2932 3693 64
3693 874 40
3418 874 9
4642 3418 46
4642 3243 94
3243 4705 54
3676 4705 80
167 3676 85
167 1265 90
1265 68 44
68 2154 64
2154 349 37
578 349 2
578 403 31
403 2113 23
2113 2843 93
2843 790 22
790 4496 75
4496 3957 72
889 3957 44
4268 889 65
3379 4268 6
998 3379 24
544 998 34
1115 544 60
630 1115 24
2482 630 32
1601 2482 2
1725 1601 98
1725 3796 31
2305 3796 95
2196 2305 5
4493 2196 88
570 4493 91
570 3127 35
4397 3127 14
4397 3494 89
3494 1882 32
132 1882 41
4911 132 67
4911 1678 69
1659 1678 63
2049 1659 88
4247 2049 70
2610 4247 67
2610 1255 74
1255 702 97
702 1005 3
1005 2178 12
2178 1324 31
1957 1324 73
1885 1957 45
1885 2831 5
2831 2848 35
1545 2848 39
1545 990 50
2348 990 88
2189 2348 19
2189 3965 93
3965 3723 32
1257 3723 43
1257 736 83
4543 736 70
2897 4543 8
2897 2780 73
2780 326 11
143 326 37
1105 143 46
1105 150 81
150 2185 22
4450 2185 99
4450 589 63
1528 589 96
4817 1528 92
4817 930 89
390 930 26
390 2445 94
2445 2432 98
985 2432 27
2768 985 73
1196 2768 59
1196 802 72
802 2950 61
4867 2950 45
3213 4867 27
734 3213 55
2306 734 80
2306 2354 96
2354 678 23
678 841 76
841 4586 16
4586 2033 27
4830 2033 70
4802 4830 97
4802 4632 65
4632 3791 8
910 3791 52
910 1165 6
1073 1165 94
569 1073 5
2396 569 38
2396 1879 50
1879 4619 61
90 4619 58
3670 90 10
3670 2919 35
2919 2018 7
2703 2018 11
3664 2703 7
3664 4539 27
4539 1893 98
3728 1893 65
3728 2499 16
172 2499 44
172 2162 5
2162 4704 81
4704 3188 77
3188 2450 26
1482 2450 64
3404 1482 98
3404 4541 99
1565 4541 75
1565 1664 84
1664 3354 52
4380 3354 68
2081 4380 47
733 2081 33
3090 733 73
424 3090 53
424 1243 1
1243 2541 22
2541 1075 56
374 1075 3
4693 374 42
4693 3302 56
3302 2598 91
2598 4452 56
4452 3176 40
3176 4886 71
4886 2410 33
3056 2410 52
2801 3056 29
2801 4990 37
4990 4014 96
2219 4014 19
3727 2219 45
3727 3444 68
2814 3444 1
221 2814 52
387 221 80
4689 387 93
4689 2300 1
4604 2300 82
3115 4604 68
3115 4513 26
4063 4513 82
2191 4063 85
2191 1246 11
3548 1246 37
3548 1503 26
1503 1357 32
466 1357 65
964 466 10
2845 964 78
1757 2845 90
3647 1757 33
2635 3647 78
3671 2635 99
3671 2340 90
1932 2340 99
4202 1932 52
4609 4202 53
4609 1773 59
1773 2132 84
2132 3692 56
3692 4832 9
4832 4789 72
4789 2194 21
2194 2608 18
2608 4040 44
4040 2921 16
2921 435 94
435 1591 53
1591 3000 71
3000 3236 89
1999 3236 84
1999 2849 61
2640 2849 93
2640 1064 25
2855 1064 76
2855 4143 65
4421 4143 48
4421 4907 93
3795 4907 96
3795 2520 32
3423 2520 56
3433 3423 5
3433 3029 38
3029 2985 82
2985 10 2
1448 10 36
3083 1448 5
2112 3083 62
2112 731 6
731 2003 70
3885 2003 77
3885 3154 3
2829 3154 90
2829 1419 50
1419 2277 90
4209 2277 99
3745 4209 50
3745 1516 40
1516 2559 54
1634 2559 52
1634 2311 60
2311 3040 11
3508 3040 57
3508 1445 69
1781 1445 35
4696 1781 32
3660 4696 34
11 3660 82
11 3193 90
1434 3193 3
1434 858 4
1539 858 90
1539 4794 98
4794 3968 5
3968 1606 19
417 1606 89
1906 417 3
1906 2020 50
2020 4698 60
4698 4858 6
4858 2975 86
2975 4316 99
4860 4316 26
1665 4860 63
1665 563 11
1820 563 51
1820 4401 82
4401 3397 84
2731 3397 57
2165 2731 38
2165 1133 85
1133 4719 36
4719 4230 84
2385 4230 18
2385 1654 89
4028 1654 50
4028 782 42
782 4530 77
4530 1751 81
1751 4939 79
4939 4484 13
4484 4309 59
2055 4309 88
2055 808 20
808 2350 11
2350 335 58
335 171 51
3291 171 66
1974 3291 26
1974 3629 11
3116 3629 38
2697 3116 31
2697 3086 18
3086 1364 2
1364 644 36
3576 644 59
3576 1569 93
1569 4581 37
4303 4581 27
4303 2600 72
2720 2600 99
2720 1554 60
1554 2242 24
1785 2242 59
1785 4282 62
4282 3126 8
268 3126 70
268 2351 37
2351 3347 42
3470 3347 97
3470 3520 57
3124 3520 20
3124 890 12
890 4035 65
4035 3966 76
3966 2740 97
2933 2740 31
4953 2933 24
3256 4953 54
196 3256 69
196 943 85
943 1825 72
4298 1825 17
4298 2422 97
