5000 100 4999
75 142 168 332 356 364 390 415 428 677 691 764 839 924 975 1050 1101 1112 1197 1250 1290 1304 1366 1395 1400 1436 1502 1542 1557 1570 1600 1616 1621 1730 1744 1749 1759 1781 1807 1888 1997 2027 2089 2100 2112 2153 2159 2161 2222 2388 2438 2441 2499 2500 2595 2652 2695 2773 2864 2939 3125 3175 3260 3280 3313 3328 3394 3399 3403 3444 3463 3512 3579 3618 3626 3803 3865 3914 3961 3973 4054 4058 4108 4258 4290 4302 4305 4306 4352 4483 4541 4643 4673 4674 4714 4716 4785 4795 4963 4989
1 2 5
1 3 2
2 4 8
5 2 1
3 6 10
3 7 5
8 4 9
4 9 3
10 5 9
5 11 7
6 12 5
6 13 5
14 7 5
7 15 7
8 16 2
8 17 10
9 18 5
9 19 2
20 10 3
21 10 7
11 22 9
11 23 1
24 12 10
12 25 7
26 13 1
27 13 4
28 14 10
29 14 5
15 30 9
31 15 1
32 16 6
16 33 10
34 17 9
17 35 9
36 18 1
18 37 2
38 19 1
39 19 6
20 40 4
41 20 9
42 21 8
21 43 7
44 22 4
22 45 7
23 46 9
23 47 1
48 24 1
24 49 6
50 25 9
51 25 5
26 52 8
26 53 2
54 27 2
55 27 1
28 56 5
28 57 10
58 29 7
59 29 8
30 60 3
30 61 2
62 31 9
31 63 1
64 32 2
65 32 4
33 66 5
33 67 2
68 34 2
34 69 8
70 35 7
71 35 9
72 36 6
73 36 9
37 74 2
37 75 8
38 76 6
77 38 2
78 39 9
39 79 1
80 40 5
81 40 3
41 82 7
83 41 9
84 42 8
42 85 8
86 43 10
87 43 4
44 88 2
89 44 9
90 45 7
45 91 7
92 46 8
93 46 1
94 47 4
47 95 6
48 96 5
48 97 2
49 98 7
49 99 6
50 100 3
101 50 10
102 51 10
51 103 7
104 52 7
52 105 1
53 106 1
107 53 8
108 54 10
109 54 8
55 110 8
111 55 10
112 56 8
113 56 1
57 114 4
57 115 7
116 58 8
58 117 7
118 59 6
59 119 6
120 60 3
60 121 4
122 61 3
123 61 4
62 124 9
62 125 10
126 63 6
127 63 9
64 128 4
64 129 2
65 130 3
131 65 8
66 132 10
66 133 6
134 67 5
67 135 2
136 68 2
137 68 9
69 138 4
69 139 6
140 70 5
141 70 4
142 71 9
143 71 4
144 72 8
72 145 9
73 146 10
73 147 1
148 74 10
74 149 7
75 150 4
151 75 4
152 76 4
76 153 4
77 154 5
77 155 9
78 156 5
78 157 8
158 79 10
79 159 7
160 80 5
161 80 10
162 81 3
163 81 7
82 164 2
165 82 1
166 83 1
167 83 7
168 84 10
169 84 7
170 85 10
85 171 7
86 172 4
86 173 2
87 174 4
87 175 10
176 88 2
88 177 9
89 178 7
89 179 2
180 90 4
181 90 5
182 91 1
183 91 4
184 92 9
92 185 3
93 186 7
187 93 5
188 94 10
189 94 3
95 190 9
95 191 4
192 96 2
96 193 10
97 194 2
97 195 6
98 196 10
98 197 8
198 99 4
99 199 5
100 200 5
100 201 9
101 202 9
203 101 2
204 102 6
205 102 8
206 103 2
207 103 9
104 208 7
104 209 1
105 210 4
105 211 9
106 212 7
106 213 5
214 107 1
107 215 1
216 108 9
217 108 4
218 109 7
219 109 9
110 220 9
221 110 9
111 222 1
223 111 1
112 224 9
112 225 8
226 113 5
113 227 9
114 228 4
114 229 5
230 115 7
115 231 7
232 116 7
233 116 4
117 234 5
235 117 9
118 236 9
237 118 6
119 238 4
239 119 6
240 120 9
241 120 5
121 242 10
121 243 9
244 122 1
122 245 8
246 123 9
247 123 1
248 124 10
249 124 9
125 250 10
251 125 3
126 252 2
253 126 8
254 127 7
255 127 2
256 128 9
128 257 10
129 258 2
129 259 3
260 130 4
261 130 2
262 131 3
131 263 2
132 264 5
265 132 8
266 133 5
133 267 7
134 268 9
269 134 2
135 270 10
271 135 4
272 136 6
273 136 3
137 274 4
275 137 5
138 276 8
138 277 5
139 278 6
279 139 3
140 280 8
281 140 5
141 282 3
283 141 6
284 142 3
142 285 2
143 286 5
143 287 10
144 288 7
144 289 6
290 145 10
145 291 8
146 292 6
146 293 8
147 294 8
147 295 4
148 296 1
148 297 5
298 149 9
149 299 5
300 150 10
150 301 8
302 151 2
303 151 8
152 304 3
152 305 4
153 306 9
307 153 2
308 154 2
309 154 4
310 155 10
155 311 4
312 156 10
156 313 6
157 314 7
315 157 4
158 316 3
158 317 3
159 318 4
159 319 9
160 320 7
160 321 8
322 161 6
323 161 10
324 162 2
162 325 6
326 163 5
163 327 8
164 328 1
329 164 7
165 330 7
331 165 10
332 166 5
166 333 6
167 334 1
167 335 9
336 168 10
168 337 2
338 169 1
339 169 3
340 170 8
341 170 2
171 342 2
171 343 9
344 172 7
345 172 6
173 346 6
173 347 2
174 348 4
349 174 10
175 350 3
175 351 8
176 352 5
353 176 7
177 354 4
177 355 2
178 356 10
178 357 6
358 179 10
359 179 1
180 360 1
180 361 2
181 362 7
363 181 3
182 364 2
365 182 5
183 366 6
183 367 3
368 184 9
369 184 6
185 370 2
371 185 6
186 372 9
373 186 3
187 374 1
187 375 3
188 376 3
188 377 10
378 189 4
189 379 2
190 380 3
190 381 5
191 382 8
191 383 8
384 192 3
192 385 5
193 386 3
193 387 7
194 388 6
389 194 9
195 390 10
391 195 6
196 392 4
196 393 6
394 197 6
197 395 6
198 396 9
397 198 9
398 199 2
399 199 9
200 400 4
401 200 9
201 402 1
201 403 6
202 404 7
202 405 4
406 203 10
203 407 10
408 204 2
409 204 1
410 205 4
205 411 1
412 206 6
413 206 7
414 207 6
207 415 4
208 416 7
417 208 2
209 418 1
209 419 10
420 210 8
421 210 5
211 422 2
211 423 10
424 212 7
212 425 7
426 213 8
427 213 8
428 214 7
429 214 8
215 430 4
215 431 2
432 216 6
433 216 1
217 434 9
435 217 3
436 218 2
218 437 1
219 438 5
439 219 5
440 220 1
441 220 9
442 221 9
221 443 4
222 444 1
222 445 9
446 223 8
447 223 3
448 224 6
449 224 6
225 450 1
451 225 2
226 452 8
453 226 4
227 454 10
455 227 10
456 228 8
457 228 8
229 458 10
229 459 1
460 230 5
461 230 8
231 462 8
463 231 9
232 464 10
465 232 2
233 466 10
467 233 3
468 234 8
469 234 6
470 235 2
471 235 10
236 472 6
236 473 3
474 237 4
475 237 8
476 238 5
477 238 1
239 478 8
239 479 3
240 480 9
240 481 5
482 241 6
241 483 5
242 484 4
242 485 6
243 486 1
487 243 5
244 488 1
244 489 5
490 245 3
245 491 8
492 246 9
493 246 1
494 247 2
495 247 6
248 496 9
497 248 2
498 249 7
499 249 9
500 250 4
501 250 7
251 502 6
251 503 4
252 504 5
505 252 5
253 506 8
507 253 4
508 254 6
509 254 9
510 255 9
255 511 9
256 512 8
256 513 9
257 514 2
257 515 5
258 516 1
258 517 1
518 259 3
519 259 6
260 520 6
260 521 10
522 261 8
523 261 3
524 262 9
262 525 5
263 526 5
263 527 1
264 528 4
264 529 5
265 530 5
265 531 4
266 532 2
533 266 8
534 267 6
535 267 3
536 268 5
268 537 5
538 269 3
269 539 10
540 270 2
270 541 1
542 271 6
271 543 9
544 272 7
272 545 4
273 546 2
547 273 4
274 548 4
549 274 3
550 275 7
275 551 2
276 552 10
553 276 1
554 277 3
277 555 1
278 556 10
278 557 10
279 558 2
559 279 10
560 280 10
561 280 4
281 562 10
281 563 4
282 564 8
565 282 1
566 283 4
283 567 2
568 284 8
569 284 5
285 570 3
571 285 3
286 572 5
573 286 5
287 574 5
575 287 1
288 576 9
288 577 1
578 289 1
579 289 9
580 290 3
290 581 4
582 291 4
583 291 5
584 292 7
585 292 4
293 586 6
587 293 9
588 294 2
294 589 10
590 295 3
295 591 9
592 296 4
296 593 10
297 594 7
595 297 1
298 596 5
298 597 2
598 299 3
599 299 4
300 600 8
601 300 1
301 602 5
603 301 1
604 302 2
302 605 8
303 606 6
607 303 2
304 608 6
609 304 6
610 305 5
611 305 9
612 306 8
613 306 2
307 614 4
307 615 6
308 616 7
308 617 1
309 618 9
619 309 7
620 310 1
621 310 1
311 622 5
623 311 7
312 624 1
312 625 1
313 626 1
313 627 6
314 628 10
314 629 6
630 315 2
315 631 7
316 632 8
633 316 3
317 634 8
317 635 10
318 636 4
637 318 4
638 319 10
639 319 1
320 640 4
641 320 9
642 321 6
643 321 1
644 322 4
322 645 4
646 323 10
323 647 6
648 324 5
324 649 4
650 325 4
651 325 6
652 326 6
653 326 10
654 327 7
655 327 4
328 656 6
328 657 6
329 658 6
659 329 1
330 660 9
330 661 3
662 331 1
331 663 6
332 664 6
665 332 7
666 333 2
667 333 5
334 668 7
334 669 4
670 335 2
671 335 8
672 336 8
336 673 7
674 337 9
675 337 4
676 338 1
677 338 2
678 339 7
679 339 6
340 680 10
340 681 3
341 682 1
341 683 6
342 684 7
342 685 3
343 686 7
687 343 9
688 344 5
689 344 5
345 690 2
345 691 5
346 692 2
693 346 1
694 347 3
695 347 9
696 348 7
697 348 9
349 698 3
699 349 5
350 700 7
350 701 8
702 351 1
351 703 5
352 704 10
352 705 6
353 706 8
353 707 4
354 708 1
709 354 8
710 355 3
355 711 5
712 356 6
356 713 6
714 357 5
357 715 2
358 716 6
358 717 2
718 359 6
359 719 5
360 720 10
360 721 4
722 361 4
361 723 5
724 362 6
362 725 2
726 363 5
363 727 9
728 364 7
364 729 8
365 730 2
365 731 10
366 732 5
366 733 7
734 367 4
735 367 3
368 736 7
737 368 6
738 369 3
369 739 5
740 370 7
741 370 8
371 742 1
743 371 6
372 744 1
372 745 4
746 373 3
747 373 8
748 374 6
749 374 1
375 750 5
375 751 9
376 752 10
376 753 5
377 754 3
377 755 2
378 756 1
757 378 4
379 758 7
759 379 4
760 380 10
380 761 6
381 762 5
381 763 10
764 382 3
382 765 7
766 383 1
767 383 5
768 384 3
769 384 9
385 770 6
771 385 10
386 772 9
773 386 6
774 387 10
387 775 2
388 776 2
777 388 9
778 389 6
389 779 7
780 390 1
781 390 8
782 391 6
783 391 4
392 784 5
392 785 7
786 393 8
787 393 9
788 394 3
789 394 5
790 395 2
395 791 1
792 396 5
396 793 10
794 397 4
795 397 8
398 796 5
797 398 5
399 798 2
799 399 5
400 800 10
400 801 10
802 401 8
401 803 9
402 804 1
402 805 8
806 403 10
403 807 10
404 808 5
809 404 5
810 405 10
811 405 2
406 812 1
406 813 9
814 407 6
407 815 5
408 816 9
408 817 6
409 818 7
819 409 3
410 820 8
821 410 5
411 822 7
823 411 1
824 412 8
825 412 7
413 826 7
413 827 9
414 828 4
414 829 9
415 830 6
831 415 4
416 832 5
833 416 9
834 417 1
417 835 5
418 836 8
837 418 10
838 419 4
419 839 8
420 840 8
420 841 6
842 421 10
421 843 6
844 422 9
422 845 4
846 423 1
847 423 1
848 424 3
849 424 9
850 425 7
425 851 9
426 852 7
426 853 4
427 854 4
427 855 1
856 428 9
857 428 9
429 858 3
429 859 9
860 430 10
430 861 8
431 862 8
431 863 1
864 432 10
865 432 10
433 866 4
433 867 5
868 434 6
434 869 7
435 870 2
871 435 3
872 436 7
436 873 6
437 874 8
437 875 8
438 876 2
438 877 8
878 439 6
879 439 10
880 440 9
881 440 6
882 441 1
441 883 3
884 442 3
442 885 7
443 886 9
443 887 6
888 444 9
889 444 10
445 890 5
891 445 1
446 892 7
893 446 8
894 447 4
447 895 7
896 448 7
448 897 6
449 898 10
899 449 2
900 450 6
901 450 5
451 902 7
903 451 9
904 452 1
452 905 5
906 453 5
907 453 3
908 454 8
909 454 1
910 455 4
455 911 7
456 912 8
456 913 2
914 457 7
915 457 6
458 916 10
458 917 6
918 459 1
919 459 10
920 460 2
460 921 7
461 922 5
461 923 10
462 924 4
462 925 2
926 463 9
463 927 7
928 464 1
929 464 9
930 465 8
465 931 1
466 932 4
466 933 10
934 467 6
467 935 6
468 936 1
937 468 3
469 938 8
469 939 8
470 940 1
941 470 3
471 942 9
943 471 2
472 944 4
472 945 1
946 473 8
947 473 4
948 474 8
949 474 8
950 475 7
951 475 6
952 476 8
476 953 7
477 954 1
955 477 3
478 956 2
478 957 10
479 958 10
959 479 1
480 960 8
480 961 7
481 962 2
481 963 1
964 482 2
482 965 3
483 966 5
483 967 1
484 968 9
484 969 3
970 485 7
971 485 5
486 972 5
973 486 6
974 487 10
975 487 1
976 488 7
488 977 5
978 489 10
489 979 9
490 980 9
490 981 6
982 491 2
491 983 6
492 984 6
492 985 8
986 493 7
987 493 5
494 988 4
989 494 10
990 495 5
991 495 9
992 496 8
496 993 6
497 994 2
995 497 1
996 498 1
997 498 8
499 998 7
499 999 3
500 1000 1
1001 500 9
1002 501 3
1003 501 7
502 1004 7
502 1005 2
503 1006 5
503 1007 1
1008 504 10
1009 504 6
505 1010 8
505 1011 10
506 1012 8
506 1013 2
1014 507 10
1015 507 3
1016 508 1
508 1017 5
509 1018 4
1019 509 2
510 1020 3
1021 510 4
1022 511 10
511 1023 10
1024 512 8
512 1025 4
513 1026 2
513 1027 7
1028 514 3
514 1029 1
1030 515 6
1031 515 2
1032 516 5
1033 516 9
1034 517 8
1035 517 7
1036 518 1
518 1037 9
1038 519 3
519 1039 5
520 1040 9
1041 520 6
1042 521 5
521 1043 4
1044 522 9
522 1045 8
523 1046 6
1047 523 7
1048 524 1
1049 524 8
525 1050 8
1051 525 2
526 1052 6
1053 526 8
527 1054 2
527 1055 6
1056 528 8
1057 528 2
529 1058 4
529 1059 4
1060 530 8
530 1061 8
531 1062 1
1063 531 1
532 1064 10
1065 532 10
1066 533 9
533 1067 6
1068 534 9
534 1069 3
1070 535 1
535 1071 7
1072 536 3
536 1073 6
1074 537 7
1075 537 1
1076 538 2
1077 538 5
539 1078 1
1079 539 5
540 1080 2
1081 540 7
541 1082 9
541 1083 6
1084 542 6
542 1085 1
1086 543 5
1087 543 6
1088 544 3
1089 544 3
545 1090 10
1091 545 1
546 1092 1
546 1093 4
1094 547 7
1095 547 10
548 1096 6
548 1097 9
549 1098 3
549 1099 7
550 1100 2
1101 550 8
1102 551 2
551 1103 5
1104 552 4
552 1105 4
553 1106 3
553 1107 3
1108 554 9
554 1109 8
1110 555 5
1111 555 4
1112 556 10
556 1113 6
1114 557 2
1115 557 10
558 1116 10
558 1117 6
1118 559 1
1119 559 3
560 1120 9
1121 560 7
561 1122 9
1123 561 1
562 1124 8
562 1125 9
563 1126 8
563 1127 4
1128 564 9
1129 564 1
1130 565 8
1131 565 9
566 1132 10
1133 566 2
1134 567 4
1135 567 2
1136 568 10
568 1137 1
1138 569 5
1139 569 1
1140 570 2
1141 570 9
1142 571 9
571 1143 4
1144 572 1
1145 572 7
573 1146 10
573 1147 7
574 1148 7
574 1149 7
1150 575 6
575 1151 6
576 1152 6
576 1153 9
1154 577 4
577 1155 9
1156 578 9
1157 578 2
1158 579 1
579 1159 3
1160 580 10
1161 580 5
1162 581 1
581 1163 5
1164 582 2
582 1165 8
583 1166 7
583 1167 2
584 1168 4
1169 584 3
585 1170 6
1171 585 1
1172 586 2
586 1173 9
1174 587 5
587 1175 6
588 1176 5
588 1177 2
1178 589 7
1179 589 2
590 1180 7
1181 590 1
1182 591 3
591 1183 8
1184 592 5
592 1185 5
1186 593 6
593 1187 2
594 1188 3
1189 594 7
1190 595 3
1191 595 8
1192 596 4
596 1193 5
1194 597 1
597 1195 3
1196 598 10
598 1197 2
1198 599 3
1199 599 8
1200 600 8
1201 600 9
1202 601 7
1203 601 2
1204 602 6
602 1205 6
603 1206 4
1207 603 2
1208 604 2
1209 604 2
605 1210 8
605 1211 8
1212 606 8
1213 606 2
607 1214 5
1215 607 8
608 1216 8
608 1217 9
609 1218 7
609 1219 7
610 1220 7
610 1221 7
1222 611 10
1223 611 6
612 1224 3
1225 612 3
1226 613 6
1227 613 6
614 1228 4
1229 614 4
615 1230 2
1231 615 10
1232 616 8
1233 616 9
617 1234 10
617 1235 3
1236 618 5
618 1237 2
1238 619 10
619 1239 7
1240 620 4
1241 620 1
1242 621 7
1243 621 2
622 1244 10
622 1245 4
1246 623 4
623 1247 5
1248 624 6
1249 624 5
1250 625 1
625 1251 4
1252 626 5
1253 626 5
627 1254 9
627 1255 5
1256 628 5
1257 628 8
629 1258 3
629 1259 3
1260 630 5
630 1261 2
631 1262 4
631 1263 8
1264 632 8
632 1265 1
1266 633 8
633 1267 5
1268 634 3
1269 634 5
635 1270 6
635 1271 9
1272 636 5
636 1273 10
1274 637 3
637 1275 7
638 1276 8
1277 638 5
1278 639 8
639 1279 7
640 1280 9
640 1281 3
1282 641 3
641 1283 10
1284 642 1
642 1285 3
643 1286 9
643 1287 10
644 1288 7
1289 644 4
645 1290 7
1291 645 1
1292 646 7
646 1293 10
647 1294 10
1295 647 10
1296 648 5
1297 648 8
649 1298 2
1299 649 5
1300 650 10
650 1301 9
1302 651 7
1303 651 1
1304 652 9
652 1305 8
1306 653 5
1307 653 4
1308 654 9
1309 654 5
1310 655 7
1311 655 9
1312 656 3
1313 656 2
657 1314 8
1315 657 5
658 1316 4
1317 658 3
1318 659 2
659 1319 5
1320 660 5
660 1321 2
661 1322 8
1323 661 10
1324 662 5
662 1325 8
663 1326 7
1327 663 4
664 1328 10
1329 664 8
1330 665 2
665 1331 2
1332 666 4
1333 666 10
1334 667 5
1335 667 10
668 1336 7
1337 668 1
1338 669 3
1339 669 9
670 1340 3
1341 670 2
1342 671 3
671 1343 4
1344 672 7
1345 672 10
673 1346 9
673 1347 10
1348 674 2
674 1349 6
1350 675 5
675 1351 9
1352 676 3
676 1353 7
677 1354 8
677 1355 10
1356 678 3
1357 678 2
1358 679 10
679 1359 7
1360 680 5
680 1361 10
1362 681 10
681 1363 1
1364 682 8
682 1365 1
683 1366 5
683 1367 7
684 1368 8
684 1369 3
685 1370 2
1371 685 3
1372 686 10
686 1373 5
687 1374 6
1375 687 1
688 1376 5
688 1377 10
1378 689 10
1379 689 5
1380 690 3
690 1381 4
1382 691 2
1383 691 6
692 1384 5
1385 692 6
693 1386 8
1387 693 3
694 1388 9
1389 694 9
1390 695 5
1391 695 4
696 1392 4
1393 696 3
697 1394 2
1395 697 10
1396 698 3
1397 698 8
1398 699 4
1399 699 3
1400 700 10
1401 700 6
701 1402 5
701 1403 6
702 1404 2
1405 702 8
1406 703 10
1407 703 3
704 1408 7
1409 704 8
1410 705 4
705 1411 4
1412 706 9
1413 706 10
707 1414 4
707 1415 1
1416 708 8
1417 708 4
1418 709 5
1419 709 7
1420 710 6
710 1421 3
1422 711 8
1423 711 9
1424 712 10
712 1425 7
713 1426 1
713 1427 6
714 1428 7
1429 714 10
1430 715 3
1431 715 4
716 1432 3
716 1433 4
717 1434 3
1435 717 6
1436 718 2
718 1437 4
719 1438 5
719 1439 3
720 1440 8
720 1441 1
1442 721 6
1443 721 9
722 1444 7
1445 722 4
723 1446 6
723 1447 9
1448 724 1
724 1449 1
725 1450 4
725 1451 7
1452 726 4
726 1453 2
727 1454 6
727 1455 5
1456 728 3
1457 728 1
729 1458 1
729 1459 1
730 1460 2
730 1461 10
731 1462 2
1463 731 7
1464 732 2
1465 732 4
1466 733 8
733 1467 1
734 1468 6
734 1469 8
1470 735 9
735 1471 8
736 1472 8
1473 736 1
737 1474 10
1475 737 7
1476 738 7
738 1477 3
1478 739 4
739 1479 1
1480 740 5
1481 740 4
1482 741 1
741 1483 7
1484 742 7
742 1485 6
743 1486 2
1487 743 4
744 1488 1
744 1489 2
1490 745 4
745 1491 3
1492 746 2
1493 746 8
747 1494 9
747 1495 10
748 1496 1
748 1497 8
1498 749 10
1499 749 1
750 1500 8
750 1501 6
1502 751 8
751 1503 3
1504 752 9
1505 752 10
753 1506 5
753 1507 6
754 1508 3
1509 754 7
755 1510 1
1511 755 4
756 1512 7
756 1513 9
1514 757 2
1515 757 8
1516 758 10
758 1517 5
759 1518 1
759 1519 6
760 1520 7
1521 760 5
1522 761 5
761 1523 7
762 1524 2
1525 762 10
1526 763 3
763 1527 1
764 1528 6
764 1529 1
1530 765 6
1531 765 5
766 1532 1
766 1533 4
1534 767 4
767 1535 10
1536 768 8
1537 768 3
1538 769 7
769 1539 2
770 1540 1
770 1541 8
1542 771 1
1543 771 7
772 1544 2
1545 772 7
773 1546 9
1547 773 3
774 1548 4
774 1549 9
1550 775 1
775 1551 2
1552 776 7
776 1553 1
1554 777 5
1555 777 10
1556 778 9
778 1557 4
1558 779 5
1559 779 1
1560 780 1
1561 780 5
781 1562 1
1563 781 4
1564 782 8
782 1565 8
783 1566 3
1567 783 6
784 1568 8
784 1569 1
1570 785 6
785 1571 7
1572 786 3
1573 786 6
1574 787 1
787 1575 3
1576 788 6
1577 788 10
1578 789 7
789 1579 7
1580 790 4
1581 790 2
791 1582 2
1583 791 7
792 1584 5
1585 792 10
793 1586 8
1587 793 2
794 1588 6
794 1589 8
1590 795 3
1591 795 7
1592 796 1
1593 796 7
1594 797 9
797 1595 3
1596 798 5
1597 798 8
1598 799 8
1599 799 5
800 1600 5
1601 800 6
801 1602 7
1603 801 6
1604 802 10
1605 802 4
1606 803 6
803 1607 6
1608 804 1
804 1609 5
1610 805 8
1611 805 3
806 1612 4
1613 806 4
807 1614 2
1615 807 7
1616 808 8
808 1617 1
1618 809 6
809 1619 9
1620 810 2
810 1621 3
1622 811 2
1623 811 6
1624 812 9
812 1625 9
1626 813 7
813 1627 8
814 1628 8
1629 814 5
1630 815 2
1631 815 3
816 1632 7
1633 816 3
1634 817 2
1635 817 3
1636 818 1
1637 818 6
1638 819 4
1639 819 3
1640 820 3
820 1641 3
821 1642 6
821 1643 6
1644 822 8
1645 822 5
1646 823 1
823 1647 7
1648 824 9
1649 824 4
1650 825 10
825 1651 10
826 1652 4
1653 826 6
827 1654 9
1655 827 7
1656 828 9
1657 828 8
1658 829 2
829 1659 10
830 1660 4
830 1661 7
831 1662 8
831 1663 5
832 1664 10
832 1665 6
833 1666 9
1667 833 2
834 1668 1
1669 834 3
835 1670 8
1671 835 5
836 1672 5
1673 836 10
837 1674 2
1675 837 7
1676 838 2
838 1677 8
839 1678 5
839 1679 1
1680 840 7
1681 840 1
1682 841 3
1683 841 1
842 1684 5
1685 842 1
1686 843 6
843 1687 10
1688 844 1
844 1689 8
845 1690 6
1691 845 4
846 1692 7
846 1693 4
847 1694 4
847 1695 6
1696 848 6
1697 848 3
849 1698 2
849 1699 9
850 1700 8
1701 850 4
851 1702 7
1703 851 7
1704 852 10
852 1705 5
1706 853 2
1707 853 2
854 1708 2
854 1709 5
1710 855 4
855 1711 3
1712 856 4
1713 856 1
1714 857 10
1715 857 1
858 1716 6
858 1717 7
1718 859 6
1719 859 5
860 1720 1
860 1721 10
1722 861 2
1723 861 7
1724 862 3
862 1725 3
1726 863 4
1727 863 2
1728 864 1
1729 864 8
1730 865 6
865 1731 7
1732 866 4
1733 866 7
1734 867 1
867 1735 8
868 1736 6
868 1737 6
869 1738 3
869 1739 4
870 1740 5
870 1741 2
871 1742 8
871 1743 2
1744 872 10
872 1745 5
1746 873 8
1747 873 5
874 1748 8
1749 874 10
875 1750 8
875 1751 5
1752 876 8
876 1753 6
1754 877 5
877 1755 8
1756 878 4
1757 878 4
879 1758 9
879 1759 10
880 1760 9
880 1761 1
1762 881 6
1763 881 4
882 1764 4
882 1765 6
883 1766 1
883 1767 7
884 1768 7
1769 884 1
885 1770 6
1771 885 9
886 1772 7
886 1773 9
1774 887 5
887 1775 7
1776 888 5
888 1777 6
1778 889 3
1779 889 8
890 1780 3
1781 890 8
1782 891 2
891 1783 4
1784 892 5
892 1785 7
893 1786 3
893 1787 6
1788 894 3
1789 894 3
895 1790 2
1791 895 8
896 1792 7
896 1793 10
1794 897 7
1795 897 9
1796 898 6
898 1797 5
899 1798 4
1799 899 9
1800 900 1
900 1801 1
901 1802 3
1803 901 4
1804 902 10
1805 902 6
903 1806 5
903 1807 1
904 1808 3
904 1809 5
905 1810 5
905 1811 9
906 1812 7
906 1813 3
1814 907 1
907 1815 3
1816 908 2
908 1817 9
909 1818 2
909 1819 4
1820 910 9
910 1821 10
1822 911 3
911 1823 3
912 1824 2
1825 912 7
913 1826 7
913 1827 6
914 1828 2
1829 914 8
1830 915 2
915 1831 10
916 1832 8
1833 916 2
917 1834 7
1835 917 5
918 1836 4
1837 918 1
1838 919 6
1839 919 9
920 1840 7
920 1841 8
921 1842 3
1843 921 9
922 1844 7
1845 922 2
923 1846 6
923 1847 9
924 1848 5
1849 924 2
1850 925 5
925 1851 8
926 1852 3
1853 926 8
927 1854 7
1855 927 5
928 1856 5
928 1857 10
1858 929 8
929 1859 2
1860 930 5
930 1861 10
1862 931 10
931 1863 9
1864 932 6
932 1865 4
1866 933 3
933 1867 6
1868 934 6
1869 934 2
935 1870 6
1871 935 5
1872 936 3
936 1873 1
1874 937 4
1875 937 9
938 1876 5
938 1877 1
939 1878 1
1879 939 9
940 1880 2
1881 940 10
1882 941 7
941 1883 5
942 1884 10
1885 942 7
1886 943 9
943 1887 9
944 1888 2
944 1889 6
1890 945 7
1891 945 2
946 1892 1
946 1893 2
947 1894 6
947 1895 8
948 1896 5
1897 948 5
949 1898 4
949 1899 3
1900 950 2
950 1901 8
951 1902 4
1903 951 9
1904 952 7
1905 952 9
1906 953 5
953 1907 5
1908 954 3
954 1909 3
1910 955 10
955 1911 6
1912 956 8
956 1913 9
1914 957 9
1915 957 8
1916 958 5
958 1917 1
959 1918 2
1919 959 6
1920 960 4
960 1921 3
1922 961 3
1923 961 9
1924 962 3
1925 962 6
963 1926 1
963 1927 3
964 1928 9
1929 964 9
1930 965 6
965 1931 5
1932 966 6
1933 966 5
1934 967 9
967 1935 4
1936 968 7
1937 968 10
969 1938 6
1939 969 4
970 1940 6
1941 970 6
1942 971 4
1943 971 6
1944 972 7
972 1945 9
1946 973 10
1947 973 8
974 1948 3
1949 974 5
1950 975 10
1951 975 5
976 1952 3
976 1953 3
1954 977 10
977 1955 2
1956 978 5
1957 978 9
1958 979 10
1959 979 1
980 1960 6
1961 980 9
981 1962 1
1963 981 10
1964 982 7
982 1965 1
1966 983 1
1967 983 8
1968 984 4
1969 984 8
985 1970 1
1971 985 4
1972 986 4
1973 986 3
987 1974 4
987 1975 8
1976 988 5
1977 988 6
989 1978 4
989 1979 6
990 1980 5
1981 990 3
991 1982 1
991 1983 9
1984 992 3
992 1985 2
993 1986 5
1987 993 2
1988 994 3
1989 994 7
995 1990 5
1991 995 1
996 1992 6
1993 996 1
997 1994 2
997 1995 8
1996 998 4
998 1997 6
1998 999 10
999 1999 2
1000 2000 3
2001 1000 3
1001 2002 10
2003 1001 3
1002 2004 1
1002 2005 8
2006 1003 1
1003 2007 10
2008 1004 9
2009 1004 3
2010 1005 3
2011 1005 5
2012 1006 4
2013 1006 3
2014 1007 4
2015 1007 4
2016 1008 5
1008 2017 6
1009 2018 7
1009 2019 10
1010 2020 4
2021 1010 6
1011 2022 9
1011 2023 8
1012 2024 5
1012 2025 10
1013 2026 2
1013 2027 3
2028 1014 3
2029 1014 2
1015 2030 8
1015 2031 7
2032 1016 2
2033 1016 7
1017 2034 1
1017 2035 8
2036 1018 4
2037 1018 1
2038 1019 1
1019 2039 8
1020 2040 5
2041 1020 8
2042 1021 10
1021 2043 2
1022 2044 8
2045 1022 9
2046 1023 10
2047 1023 3
2048 1024 3
1024 2049 9
1025 2050 6
1025 2051 8
2052 1026 4
2053 1026 8
2054 1027 8
2055 1027 9
2056 1028 9
2057 1028 6
2058 1029 5
1029 2059 8
1030 2060 2
2061 1030 7
1031 2062 2
1031 2063 10
2064 1032 5
1032 2065 4
1033 2066 6
1033 2067 10
1034 2068 10
2069 1034 1
1035 2070 8
1035 2071 1
1036 2072 8
2073 1036 9
2074 1037 2
2075 1037 6
1038 2076 3
2077 1038 7
1039 2078 4
2079 1039 10
1040 2080 1
1040 2081 5
1041 2082 3
2083 1041 1
1042 2084 1
2085 1042 5
2086 1043 9
1043 2087 10
1044 2088 7
2089 1044 10
1045 2090 10
1045 2091 2
2092 1046 4
1046 2093 7
2094 1047 8
2095 1047 4
2096 1048 10
2097 1048 10
2098 1049 9
2099 1049 7
2100 1050 3
1050 2101 1
2102 1051 2
2103 1051 8
1052 2104 1
2105 1052 6
1053 2106 5
2107 1053 7
1054 2108 10
2109 1054 2
1055 2110 6
1055 2111 1
1056 2112 7
1056 2113 3
1057 2114 9
1057 2115 6
2116 1058 2
2117 1058 5
2118 1059 1
1059 2119 10
2120 1060 6
1060 2121 4
1061 2122 6
2123 1061 2
1062 2124 7
1062 2125 10
2126 1063 10
2127 1063 9
2128 1064 6
2129 1064 4
2130 1065 4
2131 1065 1
1066 2132 7
2133 1066 7
1067 2134 4
1067 2135 3
1068 2136 9
1068 2137 1
1069 2138 4
2139 1069 6
2140 1070 6
2141 1070 9
1071 2142 9
2143 1071 5
2144 1072 4
2145 1072 5
2146 1073 10
2147 1073 4
2148 1074 4
1074 2149 1
2150 1075 2
1075 2151 6
1076 2152 3
2153 1076 4
2154 1077 5
1077 2155 1
2156 1078 7
1078 2157 10
1079 2158 1
2159 1079 10
2160 1080 1
2161 1080 8
2162 1081 5
1081 2163 5
2164 1082 10
2165 1082 10
2166 1083 4
2167 1083 2
1084 2168 4
2169 1084 10
1085 2170 10
2171 1085 3
1086 2172 4
1086 2173 6
1087 2174 9
1087 2175 1
1088 2176 1
1088 2177 6
1089 2178 5
2179 1089 10
1090 2180 1
2181 1090 5
2182 1091 1
2183 1091 2
1092 2184 4
2185 1092 1
2186 1093 8
1093 2187 3
2188 1094 8
2189 1094 8
1095 2190 6
2191 1095 3
1096 2192 1
1096 2193 4
2194 1097 7
2195 1097 3
1098 2196 6
2197 1098 4
1099 2198 6
1099 2199 4
2200 1100 4
1100 2201 3
1101 2202 9
1101 2203 10
1102 2204 10
1102 2205 8
2206 1103 5
2207 1103 5
2208 1104 2
2209 1104 8
2210 1105 6
2211 1105 5
1106 2212 9
2213 1106 10
2214 1107 5
1107 2215 2
2216 1108 7
2217 1108 1
1109 2218 4
1109 2219 2
1110 2220 7
2221 1110 4
2222 1111 3
2223 1111 3
1112 2224 3
2225 1112 4
2226 1113 9
2227 1113 8
2228 1114 2
2229 1114 7
2230 1115 6
2231 1115 10
1116 2232 3
2233 1116 4
2234 1117 10
1117 2235 10
2236 1118 4
2237 1118 3
2238 1119 6
1119 2239 7
1120 2240 3
1120 2241 6
1121 2242 10
1121 2243 8
1122 2244 10
1122 2245 9
1123 2246 6
1123 2247 9
1124 2248 9
2249 1124 7
1125 2250 5
2251 1125 1
2252 1126 1
1126 2253 2
2254 1127 9
2255 1127 10
1128 2256 5
2257 1128 4
2258 1129 10
1129 2259 7
2260 1130 9
1130 2261 9
1131 2262 9
1131 2263 4
2264 1132 4
1132 2265 6
2266 1133 2
2267 1133 2
1134 2268 4
2269 1134 3
1135 2270 6
2271 1135 2
1136 2272 4
1136 2273 6
2274 1137 6
1137 2275 7
1138 2276 4
2277 1138 2
2278 1139 9
1139 2279 2
2280 1140 5
2281 1140 1
2282 1141 2
2283 1141 10
1142 2284 8
2285 1142 6
2286 1143 7
1143 2287 1
1144 2288 6
2289 1144 8
1145 2290 8
1145 2291 3
1146 2292 5
1146 2293 8
1147 2294 3
1147 2295 1
2296 1148 2
2297 1148 3
2298 1149 7
1149 2299 2
1150 2300 6
1150 2301 8
2302 1151 8
1151 2303 10
2304 1152 8
2305 1152 3
1153 2306 6
1153 2307 9
2308 1154 2
2309 1154 7
1155 2310 3
2311 1155 9
2312 1156 8
1156 2313 2
2314 1157 2
1157 2315 6
1158 2316 6
1158 2317 4
1159 2318 1
2319 1159 1
2320 1160 7
2321 1160 6
1161 2322 3
1161 2323 9
1162 2324 8
2325 1162 6
1163 2326 6
1163 2327 7
1164 2328 8
1164 2329 9
2330 1165 7
2331 1165 1
1166 2332 4
1166 2333 10
1167 2334 8
1167 2335 10
1168 2336 5
2337 1168 7
1169 2338 7
1169 2339 2
2340 1170 5
1170 2341 7
1171 2342 4
2343 1171 10
1172 2344 8
2345 1172 10
2346 1173 7
2347 1173 2
1174 2348 3
1174 2349 8
1175 2350 1
2351 1175 8
2352 1176 3
1176 2353 8
2354 1177 6
1177 2355 10
2356 1178 9
1178 2357 7
2358 1179 2
2359 1179 2
2360 1180 2
2361 1180 6
1181 2362 5
2363 1181 5
1182 2364 10
2365 1182 1
1183 2366 1
2367 1183 4
2368 1184 7
2369 1184 7
2370 1185 3
1185 2371 1
1186 2372 9
1186 2373 5
2374 1187 1
1187 2375 10
1188 2376 3
2377 1188 5
2378 1189 5
2379 1189 9
2380 1190 2
2381 1190 2
2382 1191 2
1191 2383 7
2384 1192 2
1192 2385 10
1193 2386 2
2387 1193 7
2388 1194 4
1194 2389 7
2390 1195 6
2391 1195 8
2392 1196 7
1196 2393 4
2394 1197 2
1197 2395 3
1198 2396 1
1198 2397 6
2398 1199 4
2399 1199 2
1200 2400 3
2401 1200 3
2402 1201 9
1201 2403 6
2404 1202 8
1202 2405 7
1203 2406 2
1203 2407 7
2408 1204 1
1204 2409 5
2410 1205 9
2411 1205 8
2412 1206 10
1206 2413 7
1207 2414 1
2415 1207 4
1208 2416 2
1208 2417 5
1209 2418 8
1209 2419 8
2420 1210 5
1210 2421 2
2422 1211 1
1211 2423 1
2424 1212 1
2425 1212 5
2426 1213 9
1213 2427 1
1214 2428 10
1214 2429 5
1215 2430 7
2431 1215 3
1216 2432 10
2433 1216 10
1217 2434 2
1217 2435 2
1218 2436 10
2437 1218 6
1219 2438 4
1219 2439 6
2440 1220 8
1220 2441 4
1221 2442 6
2443 1221 3
2444 1222 3
1222 2445 9
1223 2446 5
1223 2447 4
2448 1224 5
2449 1224 3
2450 1225 8
1225 2451 2
1226 2452 1
2453 1226 9
1227 2454 4
1227 2455 8
2456 1228 2
2457 1228 5
2458 1229 9
2459 1229 6
1230 2460 1
2461 1230 9
1231 2462 3
1231 2463 4
1232 2464 2
2465 1232 4
2466 1233 3
1233 2467 4
1234 2468 8
2469 1234 2
1235 2470 4
1235 2471 10
1236 2472 2
1236 2473 7
2474 1237 3
1237 2475 3
1238 2476 5
2477 1238 10
2478 1239 5
1239 2479 5
2480 1240 1
1240 2481 10
2482 1241 4
1241 2483 3
2484 1242 6
2485 1242 2
1243 2486 5
1243 2487 1
1244 2488 3
1244 2489 7
1245 2490 4
1245 2491 7
1246 2492 10
2493 1246 3
2494 1247 7
1247 2495 5
2496 1248 1
2497 1248 1
1249 2498 8
2499 1249 2
1250 2500 5
1250 2501 3
1251 2502 8
2503 1251 6
2504 1252 9
2505 1252 3
1253 2506 3
1253 2507 4
1254 2508 6
2509 1254 8
2510 1255 9
1255 2511 4
2512 1256 6
2513 1256 6
2514 1257 2
2515 1257 3
2516 1258 6
1258 2517 1
2518 1259 8
1259 2519 3
2520 1260 2
2521 1260 4
2522 1261 2
1261 2523 3
2524 1262 2
1262 2525 5
2526 1263 3
1263 2527 8
2528 1264 10
1264 2529 1
1265 2530 7
1265 2531 1
2532 1266 9
1266 2533 3
2534 1267 9
1267 2535 9
1268 2536 1
2537 1268 10
1269 2538 6
1269 2539 5
1270 2540 1
2541 1270 5
1271 2542 3
2543 1271 10
1272 2544 8
1272 2545 3
2546 1273 8
2547 1273 7
2548 1274 4
2549 1274 4
1275 2550 6
2551 1275 7
2552 1276 9
1276 2553 2
1277 2554 10
2555 1277 3
2556 1278 1
1278 2557 3
1279 2558 4
2559 1279 8
1280 2560 3
2561 1280 4
1281 2562 6
2563 1281 3
2564 1282 6
1282 2565 10
2566 1283 9
1283 2567 7
1284 2568 10
2569 1284 5
2570 1285 8
2571 1285 8
2572 1286 8
2573 1286 9
1287 2574 8
2575 1287 8
1288 2576 4
1288 2577 4
1289 2578 4
1289 2579 8
1290 2580 5
1290 2581 5
2582 1291 4
2583 1291 5
2584 1292 6
1292 2585 4
1293 2586 5
1293 2587 9
2588 1294 5
1294 2589 1
1295 2590 9
1295 2591 7
2592 1296 6
1296 2593 9
1297 2594 1
1297 2595 3
1298 2596 2
1298 2597 10
2598 1299 9
1299 2599 3
2600 1300 5
1300 2601 10
2602 1301 8
1301 2603 6
2604 1302 1
2605 1302 2
1303 2606 5
2607 1303 7
2608 1304 9
1304 2609 10
2610 1305 6
1305 2611 6
2612 1306 5
2613 1306 10
2614 1307 6
1307 2615 9
1308 2616 4
2617 1308 2
2618 1309 9
1309 2619 6
1310 2620 9
1310 2621 3
2622 1311 6
1311 2623 8
1312 2624 5
2625 1312 3
2626 1313 2
2627 1313 7
1314 2628 6
2629 1314 5
1315 2630 6
2631 1315 9
1316 2632 3
1316 2633 3
2634 1317 9
2635 1317 6
1318 2636 7
2637 1318 2
2638 1319 10
1319 2639 5
1320 2640 9
1320 2641 3
2642 1321 6
2643 1321 9
2644 1322 10
2645 1322 3
2646 1323 3
1323 2647 3
2648 1324 2
1324 2649 8
2650 1325 7
1325 2651 6
1326 2652 1
2653 1326 6
1327 2654 3
2655 1327 6
1328 2656 7
2657 1328 6
1329 2658 10
1329 2659 8
2660 1330 6
2661 1330 1
2662 1331 10
2663 1331 6
2664 1332 7
2665 1332 2
1333 2666 9
1333 2667 7
2668 1334 10
2669 1334 1
2670 1335 2
2671 1335 9
2672 1336 4
1336 2673 2
2674 1337 8
2675 1337 8
1338 2676 4
2677 1338 3
1339 2678 2
2679 1339 3
1340 2680 6
1340 2681 2
1341 2682 2
2683 1341 7
1342 2684 9
2685 1342 4
1343 2686 9
2687 1343 4
2688 1344 3
1344 2689 9
2690 1345 10
2691 1345 5
2692 1346 6
1346 2693 7
1347 2694 2
2695 1347 8
1348 2696 7
1348 2697 5
2698 1349 3
1349 2699 8
2700 1350 5
2701 1350 10
2702 1351 2
1351 2703 7
1352 2704 9
2705 1352 7
2706 1353 3
1353 2707 1
1354 2708 9
1354 2709 10
2710 1355 7
1355 2711 2
2712 1356 8
1356 2713 9
1357 2714 4
1357 2715 4
1358 2716 2
2717 1358 1
1359 2718 7
2719 1359 9
2720 1360 5
2721 1360 2
2722 1361 7
2723 1361 2
2724 1362 5
2725 1362 3
2726 1363 9
2727 1363 4
2728 1364 3
1364 2729 5
2730 1365 8
1365 2731 9
2732 1366 6
1366 2733 9
1367 2734 8
2735 1367 10
1368 2736 4
2737 1368 4
2738 1369 4
1369 2739 7
1370 2740 10
1370 2741 4
1371 2742 3
2743 1371 4
2744 1372 6
2745 1372 7
2746 1373 4
2747 1373 4
2748 1374 4
2749 1374 5
2750 1375 8
2751 1375 4
2752 1376 7
2753 1376 5
2754 1377 7
2755 1377 1
1378 2756 3
1378 2757 1
2758 1379 5
2759 1379 7
2760 1380 10
1380 2761 2
1381 2762 8
1381 2763 5
2764 1382 7
2765 1382 8
1383 2766 5
2767 1383 8
1384 2768 1
2769 1384 5
1385 2770 4
2771 1385 5
1386 2772 8
1386 2773 7
1387 2774 5
2775 1387 4
1388 2776 7
1388 2777 9
1389 2778 9
2779 1389 2
1390 2780 10
2781 1390 10
1391 2782 5
1391 2783 6
1392 2784 7
2785 1392 6
1393 2786 10
1393 2787 3
1394 2788 3
1394 2789 1
2790 1395 9
2791 1395 4
2792 1396 5
1396 2793 5
1397 2794 6
1397 2795 9
1398 2796 5
1398 2797 9
2798 1399 8
2799 1399 8
2800 1400 9
2801 1400 2
2802 1401 7
1401 2803 10
2804 1402 3
1402 2805 7
1403 2806 9
1403 2807 6
1404 2808 10
2809 1404 3
1405 2810 3
1405 2811 7
1406 2812 8
2813 1406 2
1407 2814 2
2815 1407 5
2816 1408 4
1408 2817 3
1409 2818 7
2819 1409 4
1410 2820 1
2821 1410 3
1411 2822 6
1411 2823 6
2824 1412 9
2825 1412 9
1413 2826 6
2827 1413 2
1414 2828 4
1414 2829 2
2830 1415 5
1415 2831 1
2832 1416 2
2833 1416 9
1417 2834 9
2835 1417 9
2836 1418 1
2837 1418 4
2838 1419 6
1419 2839 9
2840 1420 3
2841 1420 6
1421 2842 3
1421 2843 1
1422 2844 6
2845 1422 7
2846 1423 1
1423 2847 6
1424 2848 5
2849 1424 6
2850 1425 1
2851 1425 3
1426 2852 7
2853 1426 1
1427 2854 10
1427 2855 5
1428 2856 8
2857 1428 8
1429 2858 5
1429 2859 7
1430 2860 7
1430 2861 9
2862 1431 1
1431 2863 10
1432 2864 2
1432 2865 6
2866 1433 3
1433 2867 1
2868 1434 9
2869 1434 6
1435 2870 9
2871 1435 7
1436 2872 10
2873 1436 8
2874 1437 5
1437 2875 8
1438 2876 1
1438 2877 3
1439 2878 1
2879 1439 10
1440 2880 4
1440 2881 6
1441 2882 7
2883 1441 1
1442 2884 2
1442 2885 1
2886 1443 2
2887 1443 2
2888 1444 2
1444 2889 2
2890 1445 6
2891 1445 7
2892 1446 6
1446 2893 4
1447 2894 4
2895 1447 6
1448 2896 2
2897 1448 8
1449 2898 2
2899 1449 9
2900 1450 7
2901 1450 5
2902 1451 10
1451 2903 4
1452 2904 1
2905 1452 1
1453 2906 4
1453 2907 3
1454 2908 3
2909 1454 8
1455 2910 7
2911 1455 6
1456 2912 3
2913 1456 5
1457 2914 4
2915 1457 1
1458 2916 10
2917 1458 4
1459 2918 2
1459 2919 6
2920 1460 3
2921 1460 9
2922 1461 9
1461 2923 1
2924 1462 9
1462 2925 4
1463 2926 5
1463 2927 9
2928 1464 4
2929 1464 5
1465 2930 4
2931 1465 7
1466 2932 1
1466 2933 4
2934 1467 5
1467 2935 5
2936 1468 3
2937 1468 10
1469 2938 5
1469 2939 4
1470 2940 9
2941 1470 6
1471 2942 1
2943 1471 3
1472 2944 6
1472 2945 4
2946 1473 10
1473 2947 8
2948 1474 2
2949 1474 2
1475 2950 5
1475 2951 2
2952 1476 1
1476 2953 7
1477 2954 9
2955 1477 8
2956 1478 1
1478 2957 3
1479 2958 5
2959 1479 10
1480 2960 7
2961 1480 6
2962 1481 8
2963 1481 2
1482 2964 4
1482 2965 5
1483 2966 9
2967 1483 8
2968 1484 10
1484 2969 8
2970 1485 8
2971 1485 10
1486 2972 1
2973 1486 10
1487 2974 6
2975 1487 8
1488 2976 1
1488 2977 4
2978 1489 3
1489 2979 3
2980 1490 8
2981 1490 1
2982 1491 10
1491 2983 6
1492 2984 4
2985 1492 9
2986 1493 2
2987 1493 5
2988 1494 4
1494 2989 5
2990 1495 6
1495 2991 4
1496 2992 7
1496 2993 2
1497 2994 7
2995 1497 6
1498 2996 4
1498 2997 3
1499 2998 5
1499 2999 6
1500 3000 4
3001 1500 7
3002 1501 6
1501 3003 2
1502 3004 1
3005 1502 4
3006 1503 1
1503 3007 4
1504 3008 1
3009 1504 1
1505 3010 8
3011 1505 3
1506 3012 8
1506 3013 1
1507 3014 7
1507 3015 4
1508 3016 10
1508 3017 10
1509 3018 7
1509 3019 10
1510 3020 4
3021 1510 2
1511 3022 1
1511 3023 2
1512 3024 4
1512 3025 3
3026 1513 6
1513 3027 7
3028 1514 2
3029 1514 9
1515 3030 8
1515 3031 1
1516 3032 6
1516 3033 4
1517 3034 9
1517 3035 9
1518 3036 10
3037 1518 6
3038 1519 4
3039 1519 2
3040 1520 9
3041 1520 1
3042 1521 10
3043 1521 5
3044 1522 3
3045 1522 2
1523 3046 2
3047 1523 6
1524 3048 2
3049 1524 10
1525 3050 3
1525 3051 8
3052 1526 4
1526 3053 8
1527 3054 6
1527 3055 1
1528 3056 3
3057 1528 9
3058 1529 5
1529 3059 8
3060 1530 10
3061 1530 1
3062 1531 4
1531 3063 2
3064 1532 4
3065 1532 3
1533 3066 8
1533 3067 10
1534 3068 6
1534 3069 10
1535 3070 1
1535 3071 8
3072 1536 1
1536 3073 7
1537 3074 5
3075 1537 1
1538 3076 9
1538 3077 6
1539 3078 2
1539 3079 4
1540 3080 7
3081 1540 8
3082 1541 7
1541 3083 4
1542 3084 1
3085 1542 9
3086 1543 6
1543 3087 10
3088 1544 8
1544 3089 5
1545 3090 2
1545 3091 10
1546 3092 10
1546 3093 1
1547 3094 3
3095 1547 10
3096 1548 7
3097 1548 8
3098 1549 8
1549 3099 9
1550 3100 1
3101 1550 4
3102 1551 9
1551 3103 7
1552 3104 1
3105 1552 4
1553 3106 8
1553 3107 8
1554 3108 5
3109 1554 5
1555 3110 5
1555 3111 9
3112 1556 7
1556 3113 6
3114 1557 7
3115 1557 3
1558 3116 10
3117 1558 7
1559 3118 8
3119 1559 2
3120 1560 1
1560 3121 8
3122 1561 10
3123 1561 9
3124 1562 7
1562 3125 4
1563 3126 1
3127 1563 10
1564 3128 9
1564 3129 7
1565 3130 5
3131 1565 3
1566 3132 10
1566 3133 9
1567 3134 10
3135 1567 9
1568 3136 4
3137 1568 6
3138 1569 8
3139 1569 7
3140 1570 1
3141 1570 9
1571 3142 7
1571 3143 1
3144 1572 6
3145 1572 2
1573 3146 3
3147 1573 10
1574 3148 7
1574 3149 10
3150 1575 7
3151 1575 2
3152 1576 7
3153 1576 6
3154 1577 6
1577 3155 5
1578 3156 9
3157 1578 10
3158 1579 5
1579 3159 1
1580 3160 4
1580 3161 2
3162 1581 2
1581 3163 9
3164 1582 9
3165 1582 6
1583 3166 8
3167 1583 6
1584 3168 2
1584 3169 4
1585 3170 7
3171 1585 9
3172 1586 1
1586 3173 8
3174 1587 10
1587 3175 9
3176 1588 5
3177 1588 2
3178 1589 5
3179 1589 4
3180 1590 6
3181 1590 10
3182 1591 3
3183 1591 7
1592 3184 3
3185 1592 10
1593 3186 5
3187 1593 9
3188 1594 8
1594 3189 6
1595 3190 3
3191 1595 8
1596 3192 3
3193 1596 1
3194 1597 4
1597 3195 2
1598 3196 4
1598 3197 5
1599 3198 1
3199 1599 5
1600 3200 7
1600 3201 2
1601 3202 3
1601 3203 9
1602 3204 4
1602 3205 1
1603 3206 5
1603 3207 10
3208 1604 10
1604 3209 10
3210 1605 1
1605 3211 2
3212 1606 3
1606 3213 8
3214 1607 2
1607 3215 9
3216 1608 2
1608 3217 4
3218 1609 9
1609 3219 3
1610 3220 7
3221 1610 2
1611 3222 5
3223 1611 4
3224 1612 4
3225 1612 2
1613 3226 5
1613 3227 2
1614 3228 8
1614 3229 3
3230 1615 8
3231 1615 1
3232 1616 8
1616 3233 8
1617 3234 3
1617 3235 10
1618 3236 10
3237 1618 8
1619 3238 3
3239 1619 7
1620 3240 1
1620 3241 1
3242 1621 9
3243 1621 10
3244 1622 2
3245 1622 6
3246 1623 3
3247 1623 7
3248 1624 5
1624 3249 10
3250 1625 7
1625 3251 8
1626 3252 4
3253 1626 3
3254 1627 3
1627 3255 3
3256 1628 2
3257 1628 3
3258 1629 10
3259 1629 3
1630 3260 1
1630 3261 4
1631 3262 5
1631 3263 6
1632 3264 7
1632 3265 6
3266 1633 6
3267 1633 3
3268 1634 5
1634 3269 2
1635 3270 2
3271 1635 7
3272 1636 3
3273 1636 5
1637 3274 3
3275 1637 7
3276 1638 6
3277 1638 10
1639 3278 7
1639 3279 10
1640 3280 9
1640 3281 4
1641 3282 1
3283 1641 6
1642 3284 5
1642 3285 7
3286 1643 6
3287 1643 8
1644 3288 7
1644 3289 2
1645 3290 8
3291 1645 7
1646 3292 8
1646 3293 6
3294 1647 5
3295 1647 7
3296 1648 3
1648 3297 10
1649 3298 9
3299 1649 1
3300 1650 9
3301 1650 10
3302 1651 8
1651 3303 9
1652 3304 2
3305 1652 9
3306 1653 3
3307 1653 5
3308 1654 9
3309 1654 4
3310 1655 1
1655 3311 1
1656 3312 9
3313 1656 10
3314 1657 8
3315 1657 1
1658 3316 5
1658 3317 10
3318 1659 2
3319 1659 9
3320 1660 3
3321 1660 2
3322 1661 5
1661 3323 10
1662 3324 9
1662 3325 5
1663 3326 7
3327 1663 10
1664 3328 10
1664 3329 6
1665 3330 1
1665 3331 7
1666 3332 3
3333 1666 9
3334 1667 9
3335 1667 2
1668 3336 10
3337 1668 2
1669 3338 7
3339 1669 2
3340 1670 7
1670 3341 6
3342 1671 7
1671 3343 7
3344 1672 4
3345 1672 10
1673 3346 1
3347 1673 7
1674 3348 10
3349 1674 2
1675 3350 9
1675 3351 4
1676 3352 9
3353 1676 7
1677 3354 10
1677 3355 1
1678 3356 8
1678 3357 9
3358 1679 8
1679 3359 2
1680 3360 4
3361 1680 10
3362 1681 2
1681 3363 3
1682 3364 8
3365 1682 10
1683 3366 6
3367 1683 7
3368 1684 8
3369 1684 8
1685 3370 8
3371 1685 9
1686 3372 2
3373 1686 6
3374 1687 8
3375 1687 1
3376 1688 9
1688 3377 10
1689 3378 10
3379 1689 4
3380 1690 5
3381 1690 9
3382 1691 5
3383 1691 10
3384 1692 9
1692 3385 1
1693 3386 2
1693 3387 2
3388 1694 8
1694 3389 8
1695 3390 4
3391 1695 9
1696 3392 4
3393 1696 8
3394 1697 6
1697 3395 10
3396 1698 4
3397 1698 3
3398 1699 1
3399 1699 3
3400 1700 7
1700 3401 3
1701 3402 5
1701 3403 9
3404 1702 3
3405 1702 8
1703 3406 9
3407 1703 10
3408 1704 8
1704 3409 3
1705 3410 2
1705 3411 9
3412 1706 2
3413 1706 6
1707 3414 7
3415 1707 8
1708 3416 1
3417 1708 6
1709 3418 1
1709 3419 2
3420 1710 3
1710 3421 1
1711 3422 3
1711 3423 2
1712 3424 4
1712 3425 5
1713 3426 4
1713 3427 7
1714 3428 7
1714 3429 7
3430 1715 6
3431 1715 8
1716 3432 1
1716 3433 7
3434 1717 5
1717 3435 2
3436 1718 2
1718 3437 5
1719 3438 8
3439 1719 6
1720 3440 7
3441 1720 1
1721 3442 7
1721 3443 2
3444 1722 3
1722 3445 7
3446 1723 10
1723 3447 4
1724 3448 4
1724 3449 8
1725 3450 1
1725 3451 9
3452 1726 3
3453 1726 8
3454 1727 5
1727 3455 6
3456 1728 6
1728 3457 7
1729 3458 3
3459 1729 3
1730 3460 7
3461 1730 5
3462 1731 8
1731 3463 3
3464 1732 6
3465 1732 8
1733 3466 10
1733 3467 8
1734 3468 9
1734 3469 9
3470 1735 1
3471 1735 4
1736 3472 6
1736 3473 6
3474 1737 6
1737 3475 4
3476 1738 7
3477 1738 5
1739 3478 9
3479 1739 4
3480 1740 5
1740 3481 4
3482 1741 7
1741 3483 5
3484 1742 9
3485 1742 8
1743 3486 6
1743 3487 10
1744 3488 7
1744 3489 8
1745 3490 5
3491 1745 1
1746 3492 3
1746 3493 1
1747 3494 10
3495 1747 7
3496 1748 6
3497 1748 9
3498 1749 4
1749 3499 10
3500 1750 5
1750 3501 10
1751 3502 3
1751 3503 1
3504 1752 6
3505 1752 2
1753 3506 2
3507 1753 1
1754 3508 6
3509 1754 7
3510 1755 10
3511 1755 9
3512 1756 8
3513 1756 5
1757 3514 2
3515 1757 1
1758 3516 10
3517 1758 4
1759 3518 2
1759 3519 7
1760 3520 7
1760 3521 10
3522 1761 9
3523 1761 9
3524 1762 8
1762 3525 10
1763 3526 4
1763 3527 7
1764 3528 1
1764 3529 5
1765 3530 8
3531 1765 8
1766 3532 1
1766 3533 4
1767 3534 3
1767 3535 4
1768 3536 8
1768 3537 5
1769 3538 7
3539 1769 2
3540 1770 9
1770 3541 9
3542 1771 1
3543 1771 9
1772 3544 3
1772 3545 1
1773 3546 10
3547 1773 10
3548 1774 10
1774 3549 4
1775 3550 5
3551 1775 5
3552 1776 8
1776 3553 7
1777 3554 4
1777 3555 10
3556 1778 6
1778 3557 8
3558 1779 2
3559 1779 2
3560 1780 8
3561 1780 10
1781 3562 1
3563 1781 5
3564 1782 9
1782 3565 1
1783 3566 8
1783 3567 3
1784 3568 4
1784 3569 5
1785 3570 4
3571 1785 7
1786 3572 8
1786 3573 1
1787 3574 9
3575 1787 7
1788 3576 4
3577 1788 9
1789 3578 4
1789 3579 10
1790 3580 7
1790 3581 2
3582 1791 7
3583 1791 1
1792 3584 3
1792 3585 5
3586 1793 8
1793 3587 8
3588 1794 3
3589 1794 7
3590 1795 5
1795 3591 6
3592 1796 8
3593 1796 7
3594 1797 1
3595 1797 1
3596 1798 7
1798 3597 7
3598 1799 2
1799 3599 2
3600 1800 2
3601 1800 4
1801 3602 2
1801 3603 10
1802 3604 9
3605 1802 3
3606 1803 7
1803 3607 10
3608 1804 5
1804 3609 1
3610 1805 5
3611 1805 7
1806 3612 9
3613 1806 4
3614 1807 4
3615 1807 7
3616 1808 2
3617 1808 2
1809 3618 8
3619 1809 8
1810 3620 7
1810 3621 6
3622 1811 9
3623 1811 2
3624 1812 3
1812 3625 4
3626 1813 9
3627 1813 10
1814 3628 4
3629 1814 8
3630 1815 5
1815 3631 3
1816 3632 8
1816 3633 7
3634 1817 7
1817 3635 9
3636 1818 7
3637 1818 5
3638 1819 5
1819 3639 5
3640 1820 9
3641 1820 5
3642 1821 6
1821 3643 2
1822 3644 8
3645 1822 8
3646 1823 3
3647 1823 3
3648 1824 6
1824 3649 5
3650 1825 9
1825 3651 10
3652 1826 1
3653 1826 3
1827 3654 4
1827 3655 8
3656 1828 9
1828 3657 5
3658 1829 6
3659 1829 6
3660 1830 10
3661 1830 10
1831 3662 5
3663 1831 4
3664 1832 9
3665 1832 1
1833 3666 10
1833 3667 1
1834 3668 4
3669 1834 4
3670 1835 6
3671 1835 1
1836 3672 7
1836 3673 9
1837 3674 9
1837 3675 7
1838 3676 3
1838 3677 7
3678 1839 1
1839 3679 2
3680 1840 7
3681 1840 4
1841 3682 5
1841 3683 3
1842 3684 7
1842 3685 7
3686 1843 4
3687 1843 5
3688 1844 3
3689 1844 2
3690 1845 10
1845 3691 9
3692 1846 7
1846 3693 7
1847 3694 10
3695 1847 10
1848 3696 9
1848 3697 10
1849 3698 6
1849 3699 10
1850 3700 2
1850 3701 10
3702 1851 3
1851 3703 1
1852 3704 9
3705 1852 7
1853 3706 8
1853 3707 1
3708 1854 7
3709 1854 5
1855 3710 1
1855 3711 1
1856 3712 1
3713 1856 8
1857 3714 9
3715 1857 8
1858 3716 9
1858 3717 6
1859 3718 10
1859 3719 7
1860 3720 5
3721 1860 9
1861 3722 6
3723 1861 4
3724 1862 1
1862 3725 8
3726 1863 6
3727 1863 7
3728 1864 8
1864 3729 9
1865 3730 1
1865 3731 1
3732 1866 6
3733 1866 2
3734 1867 10
3735 1867 6
1868 3736 1
1868 3737 1
1869 3738 3
1869 3739 3
1870 3740 10
1870 3741 6
1871 3742 3
1871 3743 6
1872 3744 7
3745 1872 3
1873 3746 4
3747 1873 8
3748 1874 2
3749 1874 3
3750 1875 9
3751 1875 1
1876 3752 3
1876 3753 10
3754 1877 7
1877 3755 10
3756 1878 9
1878 3757 1
3758 1879 3
3759 1879 2
1880 3760 5
1880 3761 2
1881 3762 3
1881 3763 5
1882 3764 10
3765 1882 4
3766 1883 8
3767 1883 2
3768 1884 7
3769 1884 2
1885 3770 6
3771 1885 4
1886 3772 8
1886 3773 6
1887 3774 1
3775 1887 5
1888 3776 9
1888 3777 6
3778 1889 8
1889 3779 10
3780 1890 9
3781 1890 6
1891 3782 9
1891 3783 2
1892 3784 4
3785 1892 8
1893 3786 7
1893 3787 6
3788 1894 8
3789 1894 10
1895 3790 1
1895 3791 4
3792 1896 3
3793 1896 1
3794 1897 7
3795 1897 10
1898 3796 10
3797 1898 1
1899 3798 8
3799 1899 10
1900 3800 4
1900 3801 6
1901 3802 1
1901 3803 1
3804 1902 1
3805 1902 5
1903 3806 8
1903 3807 7
3808 1904 10
1904 3809 5
3810 1905 7
3811 1905 8
3812 1906 4
3813 1906 9
3814 1907 2
1907 3815 6
3816 1908 10
3817 1908 9
1909 3818 7
3819 1909 2
1910 3820 8
3821 1910 1
3822 1911 6
1911 3823 8
3824 1912 10
3825 1912 2
3826 1913 6
3827 1913 6
1914 3828 9
1914 3829 7
1915 3830 6
3831 1915 4
3832 1916 9
3833 1916 6
1917 3834 5
3835 1917 5
3836 1918 10
3837 1918 1
1919 3838 3
3839 1919 2
3840 1920 10
3841 1920 1
3842 1921 6
3843 1921 3
1922 3844 1
3845 1922 2
1923 3846 10
1923 3847 7
1924 3848 7
3849 1924 8
1925 3850 6
3851 1925 3
3852 1926 1
3853 1926 4
1927 3854 5
3855 1927 9
1928 3856 2
3857 1928 9
1929 3858 1
3859 1929 5
1930 3860 7
1930 3861 9
3862 1931 1
1931 3863 4
1932 3864 5
1932 3865 5
1933 3866 9
3867 1933 9
3868 1934 6
1934 3869 4
3870 1935 2
3871 1935 7
3872 1936 1
1936 3873 10
1937 3874 6
3875 1937 4
1938 3876 4
3877 1938 1
1939 3878 2
3879 1939 4
3880 1940 10
3881 1940 8
1941 3882 2
1941 3883 2
3884 1942 3
1942 3885 7
3886 1943 3
1943 3887 8
1944 3888 3
3889 1944 1
1945 3890 7
3891 1945 9
3892 1946 1
3893 1946 9
3894 1947 10
3895 1947 5
3896 1948 9
1948 3897 5
1949 3898 6
3899 1949 9
1950 3900 3
3901 1950 8
3902 1951 8
1951 3903 4
1952 3904 10
3905 1952 3
3906 1953 6
3907 1953 4
3908 1954 7
1954 3909 7
3910 1955 6
1955 3911 9
3912 1956 5
1956 3913 5
3914 1957 7
3915 1957 4
3916 1958 9
1958 3917 4
3918 1959 9
1959 3919 2
3920 1960 7
1960 3921 8
3922 1961 8
3923 1961 9
3924 1962 5
3925 1962 10
1963 3926 9
3927 1963 6
1964 3928 8
1964 3929 10
3930 1965 10
1965 3931 6
3932 1966 1
3933 1966 5
3934 1967 8
3935 1967 9
3936 1968 9
3937 1968 8
3938 1969 10
1969 3939 4
1970 3940 10
1970 3941 3
3942 1971 2
1971 3943 3
1972 3944 9
1972 3945 9
3946 1973 2
1973 3947 10
1974 3948 4
3949 1974 8
1975 3950 9
3951 1975 7
1976 3952 4
1976 3953 5
3954 1977 8
3955 1977 10
3956 1978 3
1978 3957 6
3958 1979 2
3959 1979 1
3960 1980 5
1980 3961 2
3962 1981 9
3963 1981 3
1982 3964 8
3965 1982 10
3966 1983 9
3967 1983 7
1984 3968 2
3969 1984 10
3970 1985 4
1985 3971 1
1986 3972 5
1986 3973 7
3974 1987 3
1987 3975 5
1988 3976 8
3977 1988 7
3978 1989 10
1989 3979 10
1990 3980 6
3981 1990 3
3982 1991 8
3983 1991 10
3984 1992 2
1992 3985 9
1993 3986 8
3987 1993 8
1994 3988 6
1994 3989 6
3990 1995 4
3991 1995 6
1996 3992 5
1996 3993 1
1997 3994 8
1997 3995 1
1998 3996 3
1998 3997 9
3998 1999 3
1999 3999 1
4000 2000 2
4001 2000 7
4002 2001 10
2001 4003 8
2002 4004 8
4005 2002 8
4006 2003 4
2003 4007 8
2004 4008 10
2004 4009 2
2005 4010 2
2005 4011 3
2006 4012 3
4013 2006 3
2007 4014 10
4015 2007 5
4016 2008 9
4017 2008 4
2009 4018 5
4019 2009 10
2010 4020 8
4021 2010 4
4022 2011 10
2011 4023 2
4024 2012 5
2012 4025 10
2013 4026 8
4027 2013 9
4028 2014 4
2014 4029 7
4030 2015 4
2015 4031 9
2016 4032 5
2016 4033 7
2017 4034 4
2017 4035 4
4036 2018 1
2018 4037 10
4038 2019 5
4039 2019 3
2020 4040 2
2020 4041 4
2021 4042 10
4043 2021 7
4044 2022 9
2022 4045 4
2023 4046 3
4047 2023 10
2024 4048 9
2024 4049 6
2025 4050 7
4051 2025 8
4052 2026 6
2026 4053 5
4054 2027 7
2027 4055 3
4056 2028 9
4057 2028 1
2029 4058 6
2029 4059 2
4060 2030 7
2030 4061 5
2031 4062 9
2031 4063 3
2032 4064 3
4065 2032 6
4066 2033 4
2033 4067 2
2034 4068 10
2034 4069 9
4070 2035 10
4071 2035 1
4072 2036 6
4073 2036 4
2037 4074 3
2037 4075 9
2038 4076 3
2038 4077 8
2039 4078 9
4079 2039 8
4080 2040 6
2040 4081 3
4082 2041 7
4083 2041 8
2042 4084 8
2042 4085 2
4086 2043 3
4087 2043 2
2044 4088 1
2044 4089 5
2045 4090 4
4091 2045 3
2046 4092 7
4093 2046 1
2047 4094 9
2047 4095 4
4096 2048 5
4097 2048 2
2049 4098 6
4099 2049 4
2050 4100 10
2050 4101 7
2051 4102 4
2051 4103 9
2052 4104 9
4105 2052 8
2053 4106 10
4107 2053 9
4108 2054 1
2054 4109 3
2055 4110 9
4111 2055 2
2056 4112 5
2056 4113 3
2057 4114 4
2057 4115 6
2058 4116 8
2058 4117 10
4118 2059 2
2059 4119 2
2060 4120 10
4121 2060 6
2061 4122 10
2061 4123 5
4124 2062 1
2062 4125 5
2063 4126 9
4127 2063 2
2064 4128 8
2064 4129 10
2065 4130 8
4131 2065 9
4132 2066 2
4133 2066 10
2067 4134 3
2067 4135 10
2068 4136 7
2068 4137 10
4138 2069 9
2069 4139 4
2070 4140 9
2070 4141 3
4142 2071 3
2071 4143 4
2072 4144 1
4145 2072 9
4146 2073 2
2073 4147 8
2074 4148 5
2074 4149 10
4150 2075 2
2075 4151 2
2076 4152 2
2076 4153 5
4154 2077 4
2077 4155 3
2078 4156 1
4157 2078 2
2079 4158 1
2079 4159 8
2080 4160 6
4161 2080 3
4162 2081 6
2081 4163 1
2082 4164 6
2082 4165 3
4166 2083 7
2083 4167 2
4168 2084 2
2084 4169 2
4170 2085 1
2085 4171 3
2086 4172 8
4173 2086 10
4174 2087 5
4175 2087 10
2088 4176 2
4177 2088 2
4178 2089 10
2089 4179 5
4180 2090 5
2090 4181 6
2091 4182 6
2091 4183 1
2092 4184 7
2092 4185 8
2093 4186 8
4187 2093 5
2094 4188 7
2094 4189 7
4190 2095 4
4191 2095 1
4192 2096 5
2096 4193 5
4194 2097 6
4195 2097 6
2098 4196 8
4197 2098 4
4198 2099 6
4199 2099 2
4200 2100 7
2100 4201 4
4202 2101 4
4203 2101 2
2102 4204 10
4205 2102 8
2103 4206 4
4207 2103 7
2104 4208 10
2104 4209 10
2105 4210 1
2105 4211 9
4212 2106 10
2106 4213 9
2107 4214 8
4215 2107 2
4216 2108 6
2108 4217 2
2109 4218 10
4219 2109 10
4220 2110 4
2110 4221 10
2111 4222 8
4223 2111 6
4224 2112 7
4225 2112 9
4226 2113 10
2113 4227 4
2114 4228 3
2114 4229 10
4230 2115 9
4231 2115 3
4232 2116 2
4233 2116 6
2117 4234 1
2117 4235 8
2118 4236 4
4237 2118 8
4238 2119 7
4239 2119 9
2120 4240 10
2120 4241 4
4242 2121 9
2121 4243 9
2122 4244 9
4245 2122 1
2123 4246 10
2123 4247 6
4248 2124 1
2124 4249 9
4250 2125 2
2125 4251 7
4252 2126 2
2126 4253 4
4254 2127 8
4255 2127 10
2128 4256 10
2128 4257 7
2129 4258 4
2129 4259 7
4260 2130 5
2130 4261 4
2131 4262 1
4263 2131 6
4264 2132 9
4265 2132 10
4266 2133 1
4267 2133 3
2134 4268 10
4269 2134 6
2135 4270 4
2135 4271 5
4272 2136 2
4273 2136 10
4274 2137 4
2137 4275 4
2138 4276 10
2138 4277 6
4278 2139 6
2139 4279 3
2140 4280 7
2140 4281 2
2141 4282 2
4283 2141 3
4284 2142 3
2142 4285 7
2143 4286 5
4287 2143 10
4288 2144 8
2144 4289 3
4290 2145 7
2145 4291 6
4292 2146 6
4293 2146 8
2147 4294 8
2147 4295 4
2148 4296 1
2148 4297 9
4298 2149 6
2149 4299 2
2150 4300 6
2150 4301 2
2151 4302 8
4303 2151 5
2152 4304 2
2152 4305 6
2153 4306 9
2153 4307 4
4308 2154 5
4309 2154 2
2155 4310 3
4311 2155 8
4312 2156 2
2156 4313 9
2157 4314 8
2157 4315 5
2158 4316 9
4317 2158 9
2159 4318 7
2159 4319 1
4320 2160 5
2160 4321 7
4322 2161 8
2161 4323 8
2162 4324 9
4325 2162 4
4326 2163 6
4327 2163 10
2164 4328 2
4329 2164 1
2165 4330 8
2165 4331 3
4332 2166 1
2166 4333 8
2167 4334 9
2167 4335 9
4336 2168 5
2168 4337 8
4338 2169 1
4339 2169 1
4340 2170 7
2170 4341 7
4342 2171 7
4343 2171 4
4344 2172 6
4345 2172 1
2173 4346 3
4347 2173 4
2174 4348 9
4349 2174 8
2175 4350 9
2175 4351 9
2176 4352 2
2176 4353 3
4354 2177 1
4355 2177 2
4356 2178 2
2178 4357 6
4358 2179 3
2179 4359 5
4360 2180 8
4361 2180 7
2181 4362 8
2181 4363 5
4364 2182 5
2182 4365 6
4366 2183 6
4367 2183 1
4368 2184 1
2184 4369 7
4370 2185 3
2185 4371 3
4372 2186 8
4373 2186 7
4374 2187 6
4375 2187 8
4376 2188 10
2188 4377 2
4378 2189 6
2189 4379 9
2190 4380 2
2190 4381 8
2191 4382 7
4383 2191 1
4384 2192 10
4385 2192 3
4386 2193 5
4387 2193 6
4388 2194 7
2194 4389 6
4390 2195 2
2195 4391 1
2196 4392 6
4393 2196 10
4394 2197 9
4395 2197 7
2198 4396 7
2198 4397 6
4398 2199 10
4399 2199 5
4400 2200 2
4401 2200 1
4402 2201 4
2201 4403 8
2202 4404 9
2202 4405 2
2203 4406 2
2203 4407 7
2204 4408 8
4409 2204 6
2205 4410 6
4411 2205 2
4412 2206 8
4413 2206 5
4414 2207 10
2207 4415 10
2208 4416 2
4417 2208 8
2209 4418 1
2209 4419 9
2210 4420 9
4421 2210 6
4422 2211 3
4423 2211 5
4424 2212 6
2212 4425 6
2213 4426 4
4427 2213 4
2214 4428 1
2214 4429 8
4430 2215 1
2215 4431 6
2216 4432 7
4433 2216 5
4434 2217 10
4435 2217 1
4436 2218 2
4437 2218 4
2219 4438 2
2219 4439 8
4440 2220 4
4441 2220 3
2221 4442 1
2221 4443 6
2222 4444 7
4445 2222 2
4446 2223 1
2223 4447 5
2224 4448 4
2224 4449 4
2225 4450 1
4451 2225 2
2226 4452 4
2226 4453 8
4454 2227 8
4455 2227 5
2228 4456 1
4457 2228 7
4458 2229 8
2229 4459 7
2230 4460 7
4461 2230 5
4462 2231 8
4463 2231 7
2232 4464 6
2232 4465 3
4466 2233 3
4467 2233 1
2234 4468 9
2234 4469 1
4470 2235 9
4471 2235 4
4472 2236 9
4473 2236 9
4474 2237 5
4475 2237 10
4476 2238 3
4477 2238 5
2239 4478 4
4479 2239 3
4480 2240 1
2240 4481 4
2241 4482 8
4483 2241 2
4484 2242 1
4485 2242 9
4486 2243 10
4487 2243 8
2244 4488 1
4489 2244 10
2245 4490 1
4491 2245 7
2246 4492 10
4493 2246 9
2247 4494 4
2247 4495 6
4496 2248 10
2248 4497 6
4498 2249 6
2249 4499 4
4500 2250 9
4501 2250 2
4502 2251 10
2251 4503 8
4504 2252 10
2252 4505 8
2253 4506 5
2253 4507 9
2254 4508 5
4509 2254 9
4510 2255 4
4511 2255 9
2256 4512 3
4513 2256 1
2257 4514 8
4515 2257 10
4516 2258 8
4517 2258 7
2259 4518 8
2259 4519 8
2260 4520 8
4521 2260 4
2261 4522 3
4523 2261 7
2262 4524 2
2262 4525 6
2263 4526 10
4527 2263 2
4528 2264 3
4529 2264 8
2265 4530 4
2265 4531 7
4532 2266 10
2266 4533 3
2267 4534 1
4535 2267 9
4536 2268 6
2268 4537 10
4538 2269 4
4539 2269 10
4540 2270 9
4541 2270 9
4542 2271 10
2271 4543 10
4544 2272 4
4545 2272 3
4546 2273 4
2273 4547 8
2274 4548 9
4549 2274 10
2275 4550 8
4551 2275 5
2276 4552 5
4553 2276 3
2277 4554 9
2277 4555 5
2278 4556 5
4557 2278 8
4558 2279 6
4559 2279 7
2280 4560 3
2280 4561 7
2281 4562 3
4563 2281 8
2282 4564 3
4565 2282 8
2283 4566 6
2283 4567 9
2284 4568 3
2284 4569 2
2285 4570 1
4571 2285 6
4572 2286 9
2286 4573 7
4574 2287 6
4575 2287 5
4576 2288 5
2288 4577 6
2289 4578 9
2289 4579 1
2290 4580 3
4581 2290 10
2291 4582 10
2291 4583 3
4584 2292 8
2292 4585 4
2293 4586 8
2293 4587 2
2294 4588 4
2294 4589 1
2295 4590 10
4591 2295 7
4592 2296 3
4593 2296 3
2297 4594 6
2297 4595 9
2298 4596 10
4597 2298 7
4598 2299 4
4599 2299 7
2300 4600 9
2300 4601 10
2301 4602 4
4603 2301 2
4604 2302 2
2302 4605 5
2303 4606 3
2303 4607 4
4608 2304 10
2304 4609 1
2305 4610 1
2305 4611 5
4612 2306 6
2306 4613 3
4614 2307 3
2307 4615 1
2308 4616 8
4617 2308 5
2309 4618 1
4619 2309 5
4620 2310 6
4621 2310 5
4622 2311 9
4623 2311 6
4624 2312 3
4625 2312 4
2313 4626 2
4627 2313 10
2314 4628 3
4629 2314 4
2315 4630 8
2315 4631 6
2316 4632 2
4633 2316 8
4634 2317 9
2317 4635 2
4636 2318 1
4637 2318 4
4638 2319 2
4639 2319 4
2320 4640 9
2320 4641 1
4642 2321 7
4643 2321 9
4644 2322 4
4645 2322 5
4646 2323 7
2323 4647 7
2324 4648 3
4649 2324 4
2325 4650 2
2325 4651 1
2326 4652 8
4653 2326 6
4654 2327 10
2327 4655 2
2328 4656 7
4657 2328 1
4658 2329 7
2329 4659 3
2330 4660 7
2330 4661 2
4662 2331 2
4663 2331 9
2332 4664 2
2332 4665 6
4666 2333 10
4667 2333 9
4668 2334 8
2334 4669 1
4670 2335 1
2335 4671 7
4672 2336 2
4673 2336 4
2337 4674 2
4675 2337 7
4676 2338 8
2338 4677 10
2339 4678 2
4679 2339 9
2340 4680 7
4681 2340 3
2341 4682 7
2341 4683 3
4684 2342 4
2342 4685 10
2343 4686 5
2343 4687 8
4688 2344 6
4689 2344 8
2345 4690 10
4691 2345 3
4692 2346 6
2346 4693 2
4694 2347 9
4695 2347 3
2348 4696 6
4697 2348 2
2349 4698 8
4699 2349 3
2350 4700 1
4701 2350 6
2351 4702 10
4703 2351 9
2352 4704 2
2352 4705 9
2353 4706 2
4707 2353 10
2354 4708 10
4709 2354 5
4710 2355 4
2355 4711 9
4712 2356 9
4713 2356 6
2357 4714 8
2357 4715 4
2358 4716 2
4717 2358 2
4718 2359 7
2359 4719 10
4720 2360 1
2360 4721 4
2361 4722 9
2361 4723 2
2362 4724 2
2362 4725 10
4726 2363 10
2363 4727 7
2364 4728 8
2364 4729 10
4730 2365 8
2365 4731 7
4732 2366 2
4733 2366 2
2367 4734 4
4735 2367 3
2368 4736 2
2368 4737 2
2369 4738 1
2369 4739 5
4740 2370 4
4741 2370 4
4742 2371 6
4743 2371 6
4744 2372 3
2372 4745 3
2373 4746 3
4747 2373 9
4748 2374 4
4749 2374 6
2375 4750 9
2375 4751 2
2376 4752 4
2376 4753 5
4754 2377 3
2377 4755 1
4756 2378 2
4757 2378 9
2379 4758 7
2379 4759 6
2380 4760 4
2380 4761 10
4762 2381 5
4763 2381 3
2382 4764 5
4765 2382 7
2383 4766 4
4767 2383 2
4768 2384 4
2384 4769 3
2385 4770 6
4771 2385 5
4772 2386 7
2386 4773 2
2387 4774 3
2387 4775 1
4776 2388 5
4777 2388 2
2389 4778 2
2389 4779 6
4780 2390 8
4781 2390 5
2391 4782 5
2391 4783 8
2392 4784 1
2392 4785 8
4786 2393 7
4787 2393 1
2394 4788 6
4789 2394 1
4790 2395 3
4791 2395 4
2396 4792 8
2396 4793 10
4794 2397 4
4795 2397 6
4796 2398 10
2398 4797 3
2399 4798 1
4799 2399 2
4800 2400 2
4801 2400 4
2401 4802 8
4803 2401 9
2402 4804 4
4805 2402 2
2403 4806 3
2403 4807 3
4808 2404 6
2404 4809 6
4810 2405 4
2405 4811 8
2406 4812 3
2406 4813 6
2407 4814 10
2407 4815 7
4816 2408 8
4817 2408 5
4818 2409 7
4819 2409 2
2410 4820 4
2410 4821 2
2411 4822 3
2411 4823 10
4824 2412 7
4825 2412 3
4826 2413 3
4827 2413 1
4828 2414 9
2414 4829 2
4830 2415 3
4831 2415 6
4832 2416 8
2416 4833 5
4834 2417 2
4835 2417 5
2418 4836 3
4837 2418 8
2419 4838 6
2419 4839 5
4840 2420 2
4841 2420 5
2421 4842 4
2421 4843 6
2422 4844 6
2422 4845 7
2423 4846 7
4847 2423 6
2424 4848 1
4849 2424 1
2425 4850 2
4851 2425 10
4852 2426 3
4853 2426 8
2427 4854 7
4855 2427 5
4856 2428 1
4857 2428 5
2429 4858 8
2429 4859 10
4860 2430 6
4861 2430 2
2431 4862 3
4863 2431 4
4864 2432 3
4865 2432 10
2433 4866 3
4867 2433 2
4868 2434 8
4869 2434 10
2435 4870 10
4871 2435 7
2436 4872 5
2436 4873 10
2437 4874 7
2437 4875 1
4876 2438 10
4877 2438 4
2439 4878 10
4879 2439 8
2440 4880 7
2440 4881 10
4882 2441 9
2441 4883 4
4884 2442 2
2442 4885 1
2443 4886 10
2443 4887 4
2444 4888 4
4889 2444 5
4890 2445 7
4891 2445 8
4892 2446 5
4893 2446 1
4894 2447 2
4895 2447 3
4896 2448 5
4897 2448 1
2449 4898 7
4899 2449 7
4900 2450 10
4901 2450 1
4902 2451 10
2451 4903 5
2452 4904 8
4905 2452 8
2453 4906 3
4907 2453 9
4908 2454 10
4909 2454 10
4910 2455 2
4911 2455 10
4912 2456 1
2456 4913 9
4914 2457 4
4915 2457 7
2458 4916 3
4917 2458 9
4918 2459 9
4919 2459 8
2460 4920 3
4921 2460 4
4922 2461 6
4923 2461 1
2462 4924 2
2462 4925 9
4926 2463 10
2463 4927 3
4928 2464 4
4929 2464 8
4930 2465 4
2465 4931 1
4932 2466 9
4933 2466 10
4934 2467 10
2467 4935 2
4936 2468 5
4937 2468 5
2469 4938 1
2469 4939 6
4940 2470 8
2470 4941 4
4942 2471 3
2471 4943 10
2472 4944 5
4945 2472 6
4946 2473 6
4947 2473 1
2474 4948 10
2474 4949 4
4950 2475 10
2475 4951 6
2476 4952 3
4953 2476 7
4954 2477 8
2477 4955 4
4956 2478 7
2478 4957 6
4958 2479 4
2479 4959 7
4960 2480 7
2480 4961 2
4962 2481 5
2481 4963 2
2482 4964 1
4965 2482 1
2483 4966 2
2483 4967 8
4968 2484 5
2484 4969 5
2485 4970 3
4971 2485 2
4972 2486 8
2486 4973 6
4974 2487 8
2487 4975 4
2488 4976 9
4977 2488 4
2489 4978 10
2489 4979 2
4980 2490 1
4981 2490 7
2491 4982 3
4983 2491 1
4984 2492 4
2492 4985 7
4986 2493 10
2493 4987 3
2494 4988 6
4989 2494 9
4990 2495 8
2495 4991 8
4992 2496 3
2496 4993 7
4994 2497 9
4995 2497 4
2498 4996 10
4997 2498 5
4998 2499 3
2499 4999 2
5000 2500 8
