5000 2 4999
805 4520
1126 601 1
178 2278 1
4021 2229 1
613 2047 1
3638 2521 1
3040 521 1
536 3281 1
2297 1700 1
4115 1024 1
4341 2501 1
119 4929 1
2512 3634 1
2600 4151 1
4112 4742 1
873 1783 1
150 1135 1
2885 824 1
4490 4922 1
1235 4073 1
4802 2777 1
3568 1756 1
3518 1489 1
2461 1188 1
2543 4915 1
4563 4463 1
3696 1416 1
4358 2755 1
1489 1929 1
3838 4441 1
233 306 1
3741 886 1
1842 1811 1
2782 3179 1
3701 2856 1
3811 2890 1
4558 1818 1
3328 382 1
2197 634 1
4158 1281 1
2746 2596 1
1018 4969 1
3360 2747 1
1880 2610 1
3839 3652 1
3707 1440 1
3525 2786 1
55 4477 1
4247 4166 1
122 4229 1
1595 3575 1
497 4263 1
1375 2127 1
2748 215 1
1575 1364 1
3127 748 1
4920 1951 1
3718 1276 1
3877 1607 1
4678 2949 1
2310 4964 1
1708 2355 1
1359 3635 1
3215 1338 1
742 2122 1
1751 3371 1
311 569 1
1223 2032 1
1689 4536 1
4128 1381 1
2502 2317 1
3412 133 1
1005 2616 1
3796 4221 1
4347 1558 1
3443 3367 1
2878 4247 1
1733 2638 1
1372 493 1
4434 618 1
3732 1985 1
3573 1539 1
581 2572 1
4994 1618 1
1661 3862 1
4671 4975 1
3417 28 1
136 1237 1
4495 3575 1
3156 426 1
1458 1795 1
997 3673 1
2006 3512 1
2945 2626 1
1900 1387 1
4219 3551 1
720 3330 1
2787 642 1
1398 2527 1
1557 2868 1
4365 967 1
1304 4412 1
1524 745 1
3823 2906 1
992 4657 1
1444 1140 1
2620 2495 1
3065 825 1
4886 2191 1
1147 3885 1
2215 1655 1
3302 4240 1
4442 4756 1
2208 4917 1
4526 4828 1
2176 2139 1
964 2360 1
4308 4276 1
308 694 1
2020 3699 1
3949 437 1
1133 81 1
719 455 1
4568 1022 1
3611 1757 1
1402 2520 1
1793 3775 1
3979 3483 1
517 21 1
4077 3036 1
3111 4887 1
3530 3531 1
1824 1713 1
3154 3738 1
1154 1250 1
1120 3382 1
2827 3189 1
2240 4687 1
2245 4376 1
4774 4831 1
1289 781 1
940 1300 1
3970 616 1
3078 3379 1
301 2082 1
339 4739 1
4743 675 1
2044 3991 1
1579 1895 1
1493 2579 1
2390 2844 1
2301 1118 1
2087 371 1
899 3099 1
1989 987 1
4003 2771 1
2656 3536 1
2763 2818 1
914 4649 1
3941 2675 1
4792 4134 1
53 2307 1
3232 2029 1
3451 251 1
4997 1872 1
620 2911 1
3704 967 1
2486 3848 1
4212 3504 1
1633 2006 1
528 3220 1
328 2646 1
72 4746 1
3881 847 1
4326 1498 1
2628 2139 1
2308 1245 1
3957 3283 1
2745 2353 1
1429 2944 1
2366 3425 1
1571 3301 1
4606 1935 1
611 4233 1
2087 4113 1
1699 2499 1
1319 3363 1
351 371 1
936 243 1
404 3436 1
4124 81 1
51 2814 1
4977 1566 1
1193 2872 1
4159 1399 1
4897 2542 1
633 829 1
3146 4791 1
2133 3659 1
1996 1886 1
3480 2806 1
2217 1028 1
2550 1244 1
4775 4433 1
3528 3355 1
203 2910 1
3723 3375 1
2473 478 1
1786 1091 1
3727 298 1
3551 1958 1
3751 725 1
654 453 1
1 4767 1
4277 4320 1
2316 983 1
2659 4743 1
3874 2205 1
2735 1157 1
4903 1345 1
2574 3035 1
3675 4035 1
2985 4203 1
4460 251 1
393 531 1
914 1500 1
3758 2054 1
4329 3234 1
1680 4433 1
2116 2273 1
2458 280 1
2929 1169 1
16 905 1
336 1812 1
4601 1561 1
593 404 1
1192 3607 1
3592 4165 1
4879 2301 1
3941 2473 1
3548 168 1
1370 1639 1
68 4133 1
735 3681 1
4191 2838 1
4675 2859 1
2129 29 1
1614 2807 1
4195 1653 1
1813 1811 1
1974 118 1
758 4677 1
3159 1758 1
3893 219 1
52 994 1
1850 213 1
3653 4093 1
2998 2612 1
3301 4947 1
1062 4025 1
2688 1543 1
3407 544 1
2471 4192 1
862 4661 1
1185 4091 1
2747 873 1
3206 2248 1
4780 4000 1
4248 2052 1
1603 3050 1
2802 4487 1
3960 1906 1
2573 861 1
1420 1117 1
662 1572 1
3564 3807 1
2042 3705 1
4929 3717 1
412 2066 1
4261 2853 1
1962 316 1
4283 991 1
3456 4630 1
729 1709 1
1604 4617 1
960 3362 1
4555 1261 1
727 1367 1
197 1771 1
2704 147 1
1790 4391 1
1368 1489 1
3918 860 1
4333 1568 1
2461 203 1
246 3014 1
1064 510 1
1731 3407 1
2534 4156 1
3123 3920 1
3835 1717 1
3482 1610 1
3485 2086 1
2273 4782 1
1243 412 1
3048 4936 1
1071 3115 1
2911 172 1
1278 3860 1
1069 352 1
960 1640 1
85 733 1
1909 584 1
2800 1144 1
491 1738 1
1976 3792 1
1105 72 1
1985 1747 1
3077 2426 1
3454 4907 1
4891 4971 1
771 3296 1
3847 316 1
2989 582 1
721 3507 1
3990 3687 1
4226 2354 1
1678 2599 1
4349 3598 1
4097 178 1
225 1001 1
2801 2607 1
2242 449 1
176 881 1
899 3552 1
1457 759 1
1251 2410 1
4201 3804 1
1715 2779 1
1425 1211 1
4338 1968 1
1922 2005 1
1776 4613 1
3626 2426 1
1432 230 1
4948 3464 1
2574 1915 1
2297 1068 1
856 3538 1
3941 1452 1
527 4076 1
157 1161 1
1984 3368 1
3729 687 1
2117 2176 1
3687 365 1
4373 3600 1
310 4408 1
2588 2584 1
3404 4927 1
2861 2461 1
559 1851 1
4759 3514 1
1263 1486 1
3671 501 1
3413 3198 1
640 2210 1
805 4185 1
892 62 1
2296 3977 1
941 4854 1
3034 426 1
2843 3335 1
2166 3464 1
2058 2051 1
4990 2134 1
4624 3892 1
4693 4946 1
3273 1059 1
2823 2918 1
693 588 1
3789 158 1
4848 4578 1
3113 3651 1
3116 4881 1
4700 1722 1
2729 1435 1
2145 3304 1
4416 1190 1
2171 3974 1
2982 1594 1
3787 3257 1
1768 1013 1
4942 3310 1
394 4806 1
4875 4627 1
1441 847 1
575 232 1
3671 2785 1
881 1628 1
953 1366 1
4360 2756 1
3864 1750 1
3923 3304 1
3305 4749 1
2076 2674 1
2641 36 1
3817 2672 1
3264 410 1
4401 1206 1
770 2304 1
4510 1755 1
2396 4639 1
3786 4633 1
1718 114 1
1448 1496 1
1754 101 1
3781 3680 1
3664 870 1
1245 3735 1
2828 177 1
2888 2718 1
4986 3741 1
1468 4031 1
1420 1043 1
1062 2007 1
2359 3872 1
4540 763 1
3606 3397 1
3830 3531 1
576 3939 1
3290 160 1
4169 1872 1
4371 3495 1
2622 1067 1
2571 3646 1
937 2190 1
320 3731 1
3270 2526 1
3341 845 1
2636 4805 1
4586 1338 1
853 2285 1
3376 2395 1
1920 1177 1
1906 2334 1
2276 2980 1
933 815 1
3790 3246 1
134 306 1
967 1807 1
2984 2057 1
941 4402 1
1311 896 1
2400 713 1
4859 1320 1
3804 2731 1
3030 2763 1
2813 1561 1
4844 2148 1
3441 1928 1
2961 2430 1
3265 512 1
1961 2321 1
2174 208 1
1796 2074 1
2497 2156 1
856 1526 1
2635 2571 1
866 4013 1
1348 3059 1
2474 995 1
4502 694 1
3911 620 1
2002 363 1
1746 3427 1
414 4378 1
3492 1991 1
3656 2435 1
3614 655 1
1834 1072 1
750 278 1
1592 1998 1
2372 4721 1
4201 1263 1
1542 2705 1
4448 4569 1
3806 894 1
807 3778 1
296 3630 1
2857 3931 1
1026 2234 1
4949 1358 1
3321 2527 1
4297 126 1
1714 3544 1
2804 1227 1
3300 4327 1
2239 4648 1
3969 2739 1
4002 440 1
3093 4345 1
850 3422 1
2212 904 1
974 4223 1
3935 2880 1
2582 443 1
4678 4237 1
4736 485 1
2459 4328 1
4380 724 1
1318 330 1
4560 3856 1
2782 3370 1
287 2321 1
3937 4109 1
1404 676 1
2523 1862 1
3411 523 1
1602 650 1
2492 100 1
4308 3865 1
4317 4162 1
2781 3309 1
4753 3929 1
3486 2256 1
1942 2169 1
2536 3711 1
155 4442 1
127 1552 1
3238 4850 1
1354 2452 1
2696 1151 1
55 474 1
4400 2159 1
3247 1759 1
1871 1538 1
4206 1649 1
3581 2373 1
4467 4321 1
4157 832 1
2493 1396 1
801 983 1
697 4748 1
683 4731 1
2744 2861 1
2382 1506 1
2031 2231 1
4350 3494 1
4697 773 1
3643 3923 1
2148 80 1
4387 3693 1
834 1101 1
1592 4143 1
2221 969 1
975 889 1
189 3275 1
928 3375 1
4733 4187 1
1546 4279 1
4173 4043 1
3428 1443 1
4470 1393 1
1986 1059 1
3647 2803 1
2672 479 1
3143 3557 1
4615 1265 1
1775 4374 1
1474 1935 1
1389 1635 1
2421 4984 1
2072 3408 1
3888 3446 1
989 1422 1
1582 3526 1
3180 634 1
1976 2408 1
760 3416 1
356 1797 1
1321 894 1
2071 2905 1
822 1013 1
2429 4900 1
2666 1025 1
985 1460 1
1217 4753 1
2204 2198 1
1327 4368 1
446 3709 1
2745 1787 1
2913 2739 1
2727 1696 1
4505 4662 1
2880 1364 1
4712 440 1
3849 244 1
408 4420 1
2023 4949 1
2201 746 1
879 3081 1
1105 1841 1
1100 75 1
1545 1551 1
3430 87 1
2951 2546 1
3371 279 1
1373 3550 1
872 2161 1
547 4983 1
1200 3268 1
4847 3503 1
1542 3015 1
2887 781 1
2989 4878 1
806 2734 1
4914 3448 1
1678 75 1
758 114 1
4413 4059 1
2330 3613 1
4139 4804 1
2154 255 1
4702 328 1
3646 2182 1
4780 1991 1
3740 3749 1
1503 1336 1
1158 190 1
1435 2267 1
439 3088 1
2489 2211 1
1473 3173 1
4030 254 1
4913 3916 1
4973 3492 1
3737 4476 1
4300 899 1
2419 4560 1
3635 3338 1
3715 4087 1
540 4366 1
3917 452 1
1713 2386 1
3966 3753 1
3139 390 1
1698 3105 1
2312 1687 1
3580 4721 1
1668 4954 1
3109 1689 1
846 3327 1
184 3678 1
4944 2087 1
3573 3721 1
3965 4236 1
757 1798 1
1778 4807 1
2687 4228 1
1799 4453 1
2052 2979 1
76 1399 1
2904 3765 1
4037 273 1
2859 2294 1
1874 4737 1
1781 1317 1
3063 3747 1
1183 730 1
461 1853 1
3937 4106 1
1076 3021 1
2412 4765 1
3540 4084 1
4088 889 1
3756 3401 1
4239 1203 1
1502 4817 1
3105 4054 1
3900 2810 1
270 2902 1
2538 186 1
4976 278 1
4810 1459 1
1655 3437 1
292 358 1
3189 3823 1
672 2447 1
1558 1890 1
2394 1624 1
366 1740 1
1701 4492 1
3256 2309 1
323 1045 1
908 2734 1
4378 4282 1
4848 2803 1
1697 2364 1
1010 231 1
1712 2136 1
3631 1298 1
858 341 1
4735 3906 1
2180 185 1
2877 1775 1
3946 3536 1
4610 590 1
1763 1033 1
60 1294 1
4231 4059 1
2140 284 1
4687 2409 1
3645 4080 1
2787 3020 1
220 1994 1
3955 1842 1
1116 1489 1
1958 648 1
1645 172 1
1471 4749 1
4801 2609 1
2032 2988 1
2682 3555 1
1452 3596 1
442 1857 1
2598 897 1
2888 1774 1
3881 1583 1
1052 2842 1
3697 4391 1
899 2857 1
1648 3642 1
2389 4259 1
2039 1981 1
4530 2651 1
1526 2836 1
1314 1151 1
283 3901 1
4632 3906 1
116 149 1
2611 1113 1
1277 4634 1
4311 231 1
4089 1162 1
1785 259 1
2245 2814 1
4491 4559 1
1116 854 1
2089 4492 1
3365 4125 1
1447 3974 1
4967 4091 1
490 2701 1
1487 4894 1
4304 1661 1
4126 2361 1
680 3765 1
1511 2692 1
4558 3976 1
3274 74 1
262 3114 1
587 4132 1
256 1449 1
4398 3836 1
866 651 1
4857 3788 1
4962 3187 1
3196 2063 1
4713 793 1
354 4141 1
4774 527 1
3665 1040 1
3422 3903 1
3623 91 1
4945 3467 1
3390 1997 1
617 187 1
234 1816 1
2076 3560 1
1425 4205 1
2932 4469 1
2889 83 1
614 4772 1
328 3827 1
1680 4044 1
2253 1955 1
4557 62 1
1792 1307 1
1993 4315 1
4682 2780 1
160 1285 1
2766 845 1
677 1066 1
4195 3686 1
488 538 1
2349 414 1
3536 4358 1
4115 3933 1
3356 1711 1
1471 4893 1
170 4919 1
3612 45 1
4921 4620 1
3552 2487 1
1191 2166 1
2935 504 1
872 144 1
4060 2533 1
2682 16 1
2764 42 1
993 3666 1
2274 4899 1
2510 2671 1
590 4688 1
3998 2754 1
3871 4254 1
2702 1080 1
1073 3406 1
1859 3649 1
888 1912 1
4159 2558 1
2370 3755 1
2793 1794 1
965 1115 1
1024 4149 1
4529 3311 1
996 1873 1
1268 1224 1
919 1413 1
1398 1639 1
2435 3420 1
1707 1129 1
1330 2855 1
2035 2536 1
413 1110 1
261 3750 1
1146 3368 1
1987 425 1
409 2898 1
317 3619 1
3655 2724 1
2538 849 1
3752 2346 1
1015 2541 1
3567 1284 1
433 2946 1
4011 4171 1
256 4229 1
4729 4295 1
704 927 1
207 413 1
1416 3447 1
4737 4877 1
4045 4536 1
3947 1585 1
952 3309 1
395 1247 1
826 2600 1
962 1531 1
1030 3657 1
158 2776 1
2460 518 1
4003 2383 1
4717 3042 1
533 869 1
2660 3002 1
1666 4676 1
736 4933 1
1332 3283 1
804 4751 1
2484 2752 1
3381 3190 1
502 3301 1
2189 3371 1
1168 3004 1
3849 3314 1
3129 1944 1
1528 3341 1
2592 3323 1
1855 349 1
3981 3526 1
4591 3460 1
4238 2796 1
211 4596 1
3680 2870 1
2543 3232 1
2477 1590 1
2529 1680 1
3277 270 1
3057 913 1
1606 4985 1
396 4919 1
416 3097 1
4600 153 1
2087 1363 1
1202 3569 1
2488 830 1
4845 1644 1
3466 3100 1
4176 3001 1
1648 3333 1
4035 513 1
1821 3021 1
1514 4551 1
4612 3281 1
4491 300 1
1136 3056 1
3252 4711 1
1292 3535 1
597 552 1
464 4212 1
41 703 1
4692 3000 1
943 2559 1
4535 1525 1
1132 4563 1
1020 911 1
4780 257 1
2644 69 1
3500 4204 1
3073 1242 1
1414 3153 1
3408 1781 1
4024 229 1
3994 4609 1
1465 4503 1
1934 4946 1
3882 772 1
946 4256 1
3438 1588 1
819 3 1
2925 186 1
487 4581 1
4774 1786 1
4682 373 1
2649 1054 1
1978 2486 1
4733 3998 1
1804 1026 1
867 4277 1
1968 278 1
4698 4745 1
1810 4995 1
1122 2381 1
3629 421 1
2817 1699 1
2650 4860 1
4651 4103 1
3960 2759 1
3033 3342 1
2793 2133 1
2989 1780 1
1849 2949 1
4073 600 1
4101 4541 1
4981 3385 1
392 3729 1
12 313 1
559 3853 1
2415 2203 1
838 3945 1
3656 1214 1
3104 3843 1
304 999 1
1895 3338 1
3030 1658 1
3202 2206 1
2891 732 1
2292 2474 1
962 3673 1
1459 4565 1
4650 4165 1
2836 3307 1
2892 3129 1
1202 1219 1
3560 3780 1
1429 2585 1
1749 4236 1
243 1753 1
1006 706 1
4811 3374 1
2743 3600 1
1301 915 1
169 102 1
3835 2539 1
3128 3886 1
2523 4554 1
983 2850 1
3380 2520 1
666 2103 1
4797 4042 1
473 2646 1
3124 1231 1
819 3424 1
167 1887 1
3291 435 1
4019 4382 1
323 4403 1
4999 4703 1
3271 4866 1
1282 3161 1
410 3505 1
1039 4289 1
1266 3598 1
1972 2452 1
1551 4451 1
2011 280 1
50 3266 1
3008 322 1
2016 2177 1
2236 213 1
1172 3237 1
739 1069 1
37 1324 1
2467 4071 1
1404 3322 1
1957 3651 1
4288 2215 1
1105 698 1
1676 2037 1
1139 1173 1
3543 2960 1
3457 3343 1
1920 4123 1
2586 172 1
1204 1152 1
19 1429 1
1778 1508 1
1385 449 1
4631 1957 1
2440 1945 1
4530 114 1
444 4710 1
4130 971 1
1835 2647 1
3746 4878 1
1292 3145 1
334 3581 1
830 3264 1
4711 4142 1
4004 1552 1
1845 456 1
4104 2681 1
1022 2917 1
4110 1937 1
2579 2078 1
2735 476 1
3533 4932 1
1198 871 1
3502 199 1
697 1160 1
3712 4626 1
641 1384 1
2608 2842 1
4918 4799 1
77 1066 1
4079 2641 1
452 2586 1
1823 4039 1
1446 2942 1
2220 3754 1
2741 1504 1
2940 1169 1
2090 1690 1
277 1420 1
4170 2498 1
644 2706 1
416 1027 1
4539 4867 1
4786 3238 1
3835 1901 1
2601 4355 1
991 428 1
3160 4108 1
4668 4940 1
2691 3806 1
2515 1020 1
3294 4880 1
720 1090 1
2452 3457 1
1199 689 1
1382 3869 1
1763 3736 1
4592 3037 1
4157 678 1
363 2080 1
880 4341 1
7 4728 1
3691 4367 1
3881 4235 1
3213 1246 1
2100 1125 1
2768 1108 1
48 1630 1
4715 4294 1
3227 3882 1
1801 1177 1
2932 720 1
2006 661 1
662 3675 1
671 2708 1
4562 1178 1
2056 1860 1
4796 3818 1
3748 2964 1
649 2445 1
2510 2108 1
4889 2528 1
2147 4699 1
4140 64 1
4589 3083 1
4445 1936 1
2701 3947 1
867 4241 1
368 1209 1
4541 3211 1
4527 4322 1
4696 2351 1
219 3745 1
4996 2630 1
4086 2631 1
3863 2226 1
421 1470 1
831 1964 1
3252 1516 1
4092 3696 1
3037 2653 1
2805 777 1
2598 2498 1
2259 14 1
2683 1436 1
572 3522 1
2105 2940 1
515 3231 1
667 4141 1
4075 1888 1
4518 3139 1
1559 2704 1
3947 3610 1
2831 1677 1
1619 1149 1
4706 3856 1
4594 2749 1
1534 3262 1
2125 2860 1
3253 504 1
2830 245 1
1583 2437 1
3961 2356 1
1529 714 1
3597 93 1
1735 261 1
1702 914 1
3303 2547 1
4314 4952 1
1969 856 1
3342 4444 1
211 2382 1
3684 1343 1
2069 838 1
4429 2874 1
1145 3213 1
3140 4538 1
3590 2141 1
27 1009 1
4512 1555 1
2901 2494 1
194 2996 1
1058 2514 1
1013 383 1
3237 1104 1
3064 2210 1
4394 923 1
4249 4549 1
2495 948 1
3729 2345 1
1294 2304 1
1172 2935 1
1408 2076 1
4602 156 1
4787 1858 1
4788 4664 1
2678 1329 1
2110 876 1
4028 4730 1
353 4921 1
2835 2861 1
1727 2510 1
541 4510 1
371 3312 1
1795 2788 1
4821 1308 1
3524 1201 1
2798 2141 1
4748 982 1
1365 2021 1
398 2465 1
469 3107 1
1641 1656 1
107 887 1
774 3380 1
4849 2236 1
2158 733 1
715 2390 1
244 4818 1
1107 2411 1
473 2542 1
65 1101 1
1973 4225 1
594 359 1
4529 4860 1
2406 4594 1
3964 22 1
2234 1883 1
1488 1456 1
3879 4972 1
695 4202 1
1544 4714 1
691 1842 1
3433 24 1
3032 3958 1
1509 4344 1
2246 1493 1
636 2348 1
307 1595 1
3743 4248 1
3090 1367 1
116 4407 1
2703 4622 1
1598 3404 1
1686 331 1
2858 1675 1
3320 3961 1
4241 4954 1
2530 2085 1
2260 2055 1
3773 3897 1
2053 1176 1
3910 2925 1
4472 1161 1
4807 4846 1
1368 374 1
1347 4511 1
4952 2264 1
3236 4711 1
764 2611 1
4336 3326 1
1305 3015 1
2015 3285 1
585 1361 1
3209 1819 1
1382 2816 1
4993 5 1
501 300 1
969 1543 1
3978 3618 1
411 4786 1
4761 3335 1
3478 2655 1
4341 1313 1
2866 2121 1
4262 1042 1
3609 891 1
3018 4081 1
544 3801 1
1874 1560 1
1566 4701 1
829 4138 1
197 3275 1
3672 3782 1
3233 2239 1
4149 2535 1
3915 1677 1
1505 3373 1
3836 2969 1
1599 2889 1
2592 794 1
2837 2602 1
4136 4289 1
2326 1453 1
4581 2451 1
337 4860 1
4794 192 1
1892 3777 1
3936 700 1
4811 1033 1
3304 1250 1
4077 4778 1
2315 624 1
4181 2553 1
423 3727 1
1099 2500 1
3850 3043 1
1883 2348 1
2347 1264 1
4031 2130 1
3009 2486 1
282 6 1
4902 2506 1
843 4790 1
1745 783 1
1573 1957 1
629 574 1
1657 1015 1
2921 4528 1
4531 4893 1
2908 3067 1
4211 3859 1
2826 2269 1
4596 1136 1
1476 1983 1
2206 421 1
1049 2724 1
3414 1281 1
4267 4146 1
3296 40 1
3911 2751 1
3016 604 1
607 221 1
1048 2352 1
1844 4228 1
303 993 1
4633 2743 1
4946 653 1
690 3303 1
703 2384 1
2238 773 1
1262 531 1
1506 1291 1
2526 2860 1
4995 990 1
3014 1731 1
4270 338 1
2541 2195 1
10 399 1
1477 2187 1
3042 4492 1
3490 1769 1
48 4583 1
628 2038 1
4652 4843 1
1100 3785 1
3569 1088 1
556 4844 1
2258 4239 1
2662 3143 1
4263 712 1
4316 765 1
1454 3885 1
4372 4265 1
4837 507 1
3275 1423 1
2934 2075 1
4677 3659 1
2950 46 1
2088 703 1
321 3512 1
2819 4793 1
2442 2039 1
3997 1286 1
2101 3450 1
3652 749 1
2997 1032 1
2697 4638 1
3087 3591 1
2791 4704 1
934 360 1
1664 2613 1
2189 2541 1
4179 700 1
4861 1731 1
3871 4496 1
3705 1737 1
2690 415 1
2694 4519 1
3444 1852 1
1523 3405 1
2482 608 1
1201 728 1
4416 3831 1
4686 3704 1
3695 826 1
4232 4182 1
4604 2435 1
1094 4084 1
762 4073 1
4770 2967 1
9 702 1
1710 1667 1
466 260 1
1061 4024 1
3652 3980 1
77 4133 1
196 1659 1
1221 3838 1
1378 1740 1
1006 3947 1
743 439 1
1038 2648 1
1632 636 1
3292 1766 1
4851 1402 1
4887 592 1
4087 3913 1
343 3883 1
1016 580 1
1544 561 1
4533 2522 1
420 2649 1
1050 4790 1
459 2205 1
2195 4567 1
244 2725 1
1163 984 1
3683 1699 1
34 371 1
1092 1211 1
3576 770 1
2791 3572 1
1997 2808 1
1494 589 1
3621 3345 1
3954 781 1
4225 4994 1
3234 3047 1
862 4570 1
1421 4839 1
4822 117 1
3962 3242 1
4806 3774 1
3665 4971 1
1103 4306 1
1319 140 1
4401 1977 1
4174 3692 1
4092 2336 1
3434 192 1
1869 2977 1
3162 1917 1
3630 2210 1
1830 4005 1
1671 2228 1
3781 958 1
2973 4867 1
2388 2793 1
1774 385 1
342 2964 1
4307 1540 1
2689 390 1
4305 4290 1
2365 1955 1
1041 201 1
720 2504 1
2570 863 1
770 3332 1
1645 4150 1
3045 1346 1
3647 4454 1
1437 803 1
519 1825 1
739 4243 1
4945 3826 1
1522 2714 1
2825 38 1
3894 4189 1
619 1396 1
2028 3632 1
4606 4028 1
2376 1314 1
2845 2393 1
3685 351 1
2035 4199 1
3128 2201 1
1051 4034 1
2740 2096 1
824 3997 1
1677 2342 1
4917 3250 1
4490 580 1
1998 4673 1
1360 2746 1
3779 4810 1
4504 2966 1
485 4421 1
3059 2086 1
3612 372 1
327 3273 1
553 1934 1
2774 4403 1
1344 2719 1
2611 2090 1
1344 2843 1
1873 1537 1
2394 2815 1
865 4069 1
1831 3426 1
2352 687 1
271 4420 1
4245 3752 1
1127 716 1
4051 4815 1
456 4819 1
3966 2190 1
2668 3308 1
2955 820 1
1602 1574 1
115 2540 1
1319 2527 1
2192 250 1
3774 929 1
1268 2922 1
56 4423 1
4237 3589 1
3879 4151 1
731 12 1
484 4991 1
1418 641 1
200 4785 1
2544 740 1
2492 4971 1
4740 1369 1
3373 1807 1
2721 1513 1
1824 302 1
3396 2315 1
3103 125 1
431 3738 1
1297 4709 1
3824 2342 1
2268 4105 1
1399 2535 1
1140 1789 1
843 4158 1
1170 1599 1
1743 2356 1
3751 1035 1
812 1894 1
4418 1051 1
2829 3429 1
2041 2277 1
475 781 1
208 2387 1
4041 745 1
318 4290 1
846 860 1
4969 4293 1
4862 129 1
75 3720 1
1615 942 1
2552 4096 1
3003 1879 1
4866 4592 1
1248 4622 1
245 3958 1
673 1530 1
1710 1447 1
2865 2373 1
1651 2128 1
4711 4888 1
3672 2862 1
4194 525 1
1127 909 1
3733 2098 1
3857 2994 1
2841 2588 1
673 3999 1
208 3135 1
4346 422 1
1124 3174 1
3898 521 1
1327 1044 1
2149 3259 1
4301 1097 1
3428 250 1
1235 4870 1
2114 2739 1
1888 1882 1
411 2454 1
1148 4903 1
3220 972 1
2014 4987 1
4059 4926 1
1472 1056 1
1413 3866 1
4825 1460 1
4940 448 1
2413 3104 1
215 3278 1
2996 356 1
592 3144 1
4264 3418 1
1066 2107 1
753 1726 1
4859 2298 1
1064 2824 1
2062 1313 1
667 4970 1
3718 4593 1
2956 4119 1
2183 2163 1
441 41 1
107 4244 1
4618 265 1
3888 117 1
1028 2640 1
1031 3440 1
4036 3808 1
3196 1473 1
179 4911 1
686 1773 1
3072 4541 1
3918 4725 1
691 4193 1
4168 4417 1
93 3110 1
2205 769 1
3737 4708 1
2550 2804 1
2350 4587 1
1079 4288 1
4688 486 1
1272 732 1
416 4339 1
4459 2939 1
782 319 1
1391 418 1
4611 3072 1
4773 3133 1
3152 931 1
4317 4273 1
375 4833 1
1497 4858 1
2794 3758 1
1009 3986 1
46 2066 1
1953 1920 1
850 4363 1
177 2554 1
984 520 1
982 1365 1
730 2802 1
612 312 1
3918 2602 1
3590 3868 1
2407 1073 1
1028 336 1
1404 2681 1
389 4542 1
4960 3222 1
4853 4700 1
355 162 1
20 4171 1
3421 1904 1
3639 4079 1
3184 1296 1
4508 2517 1
1932 3956 1
4573 1261 1
4803 2400 1
2113 1897 1
2629 2203 1
339 2275 1
1171 1989 1
3902 2802 1
4012 4827 1
823 3609 1
132 4637 1
855 75 1
3332 1916 1
4649 3861 1
1969 1891 1
3780 2168 1
1443 4881 1
3007 1482 1
168 1558 1
2302 1322 1
742 2856 1
1388 2820 1
2417 1299 1
2423 4078 1
614 530 1
1563 2242 1
4031 2884 1
1368 4034 1
4961 1045 1
4060 3813 1
1540 745 1
153 995 1
4660 613 1
4264 3781 1
3562 1837 1
2292 226 1
2217 1937 1
1507 3588 1
1517 5000 1
4407 4509 1
4759 2664 1
3354 3125 1
3608 3011 1
1732 1659 1
4997 3636 1
3301 1046 1
4605 1792 1
634 3206 1
4188 4524 1
3930 4934 1
4816 4175 1
1022 4185 1
1847 1488 1
264 2393 1
1063 4136 1
4890 4302 1
4393 4707 1
3117 4432 1
4528 561 1
2948 1539 1
2421 2903 1
3324 3872 1
1674 2332 1
1094 953 1
4505 1577 1
1263 2323 1
679 2006 1
1833 1946 1
3259 1445 1
4404 3276 1
4272 3403 1
3692 1180 1
3161 3914 1
2528 970 1
3847 3288 1
1409 4311 1
257 2011 1
4360 3074 1
745 4489 1
351 2727 1
385 2124 1
1799 2570 1
902 3687 1
4332 2260 1
2784 3277 1
2582 3029 1
3513 4339 1
2109 463 1
379 4958 1
2157 622 1
119 210 1
3055 3449 1
2194 3779 1
1734 4770 1
4477 2690 1
3528 1328 1
3586 2524 1
2932 4964 1
4278 3884 1
949 381 1
941 3479 1
3557 4077 1
2357 4527 1
3341 4942 1
4717 1200 1
3537 1610 1
511 4454 1
4603 2874 1
3106 832 1
4737 4857 1
1650 2929 1
1980 4628 1
1387 3100 1
1847 2190 1
1988 3226 1
2041 845 1
3713 844 1
2549 3400 1
1464 4931 1
765 483 1
3578 1991 1
331 59 1
4556 2948 1
645 2692 1
258 3392 1
4482 2729 1
1221 894 1
290 3858 1
1109 1203 1
1256 71 1
2563 382 1
2565 3384 1
264 3538 1
3648 2244 1
1857 4298 1
1279 2047 1
1036 3061 1
474 1329 1
4512 2972 1
4821 628 1
2519 3364 1
1236 3087 1
35 2504 1
813 3477 1
2150 164 1
3171 3317 1
1624 2210 1
2531 3256 1
3245 101 1
161 1815 1
2329 223 1
3059 376 1
2390 2425 1
2928 794 1
4665 4397 1
3633 2869 1
4395 58 1
2789 2039 1
4272 4271 1
2166 1388 1
4477 3049 1
4462 1048 1
1042 151 1
363 2863 1
3097 4486 1
1653 478 1
2717 4326 1
3687 2684 1
1762 1160 1
4342 4475 1
1087 101 1
1591 3563 1
2309 1665 1
3626 959 1
1077 1342 1
4718 407 1
726 2046 1
70 1534 1
1736 2065 1
2508 3340 1
3957 4446 1
2614 4325 1
4867 3770 1
4759 4397 1
4153 252 1
477 4426 1
3261 1010 1
2366 3785 1
4373 3194 1
82 1759 1
3043 1701 1
3542 2808 1
4579 54 1
4786 2640 1
399 4533 1
2632 1743 1
3371 2696 1
607 4681 1
2538 1380 1
3008 4629 1
4123 4724 1
4766 3290 1
1312 3496 1
4577 4062 1
1743 4251 1
2742 4904 1
856 1772 1
1251 2815 1
82 1723 1
812 3619 1
327 877 1
1020 1844 1
4152 4395 1
480 305 1
1909 1295 1
1654 556 1
4697 1099 1
3952 1985 1
3489 4236 1
3851 4453 1
955 4127 1
3339 911 1
775 4735 1
2618 664 1
1694 1134 1
398 3388 1
404 4765 1
4023 231 1
2976 4425 1
4994 4428 1
2249 4881 1
560 945 1
3163 3171 1
1022 4155 1
1290 4198 1
294 3914 1
873 4992 1
4339 2883 1
4237 2152 1
3116 1923 1
2667 754 1
717 1660 1
3386 284 1
3076 247 1
2535 2237 1
2683 4178 1
2928 2794 1
759 4337 1
4095 3785 1
3634 3830 1
2548 3400 1
4769 1078 1
3519 189 1
1562 1760 1
2353 3782 1
1779 3940 1
1924 4070 1
249 1470 1
3909 1724 1
3393 1238 1
2198 1584 1
3554 202 1
1196 1077 1
78 4399 1
4362 2387 1
1189 649 1
4248 311 1
2682 3678 1
3607 872 1
2959 4804 1
4627 1578 1
2563 3549 1
1970 1581 1
2447 56 1
4478 845 1
295 2506 1
3593 4892 1
1188 4574 1
3592 2611 1
1873 759 1
432 322 1
1905 4931 1
2637 3934 1
2822 4293 1
2769 4209 1
4277 83 1
3642 3407 1
2346 171 1
2640 2462 1
1684 1448 1
1676 3641 1
140 981 1
2670 2127 1
2332 2817 1
980 458 1
301 1910 1
2579 4348 1
779 4208 1
480 1570 1
3921 1564 1
1595 446 1
454 4722 1
2245 4481 1
188 952 1
2132 1508 1
4137 1092 1
1885 1710 1
3707 1919 1
799 1908 1
457 3135 1
1589 1196 1
2582 1190 1
1362 2112 1
1478 485 1
1273 801 1
3598 1159 1
1387 1490 1
3507 2285 1
504 2486 1
4356 3065 1
305 3369 1
868 4029 1
3197 4849 1
3702 3227 1
3803 3572 1
4213 1562 1
1139 4865 1
329 148 1
4689 3741 1
3447 2955 1
959 390 1
1253 1856 1
4642 2875 1
4616 642 1
2782 949 1
3595 399 1
2102 903 1
2077 4397 1
4065 2028 1
734 4896 1
4871 2129 1
1777 1057 1
259 1347 1
3184 2850 1
2065 1333 1
1323 3730 1
3591 3137 1
4926 3392 1
1986 2191 1
4404 533 1
234 921 1
3684 2217 1
1141 538 1
772 2927 1
3720 3019 1
2613 4275 1
2262 4075 1
939 1707 1
3779 1751 1
798 1289 1
2642 476 1
4483 777 1
416 2847 1
2397 4816 1
4016 1647 1
3264 4529 1
4636 3957 1
396 1854 1
4572 2671 1
3336 4250 1
863 3462 1
3302 3006 1
3531 4063 1
698 3520 1
935 89 1
3932 2290 1
2752 3225 1
2712 4199 1
2971 4358 1
1120 123 1
1694 2058 1
4548 222 1
707 587 1
2311 1500 1
4599 911 1
3809 981 1
1575 3950 1
566 3615 1
3017 1352 1
2733 1321 1
2828 257 1
3308 1739 1
2580 1802 1
4254 1974 1
3264 1805 1
395 3348 1
52 2367 1
4173 3794 1
1729 2410 1
3484 827 1
2295 4354 1
2811 2901 1
2581 136 1
786 2087 1
3350 1128 1
1346 4138 1
4384 545 1
3285 2253 1
4965 2062 1
3678 2053 1
913 3396 1
1720 1413 1
426 4187 1
503 24 1
1293 3217 1
2952 3271 1
4163 4310 1
4651 4268 1
3229 152 1
3575 2812 1
3069 3178 1
2784 4470 1
2277 4544 1
2345 154 1
424 3963 1
4240 37 1
4238 1512 1
3502 3269 1
2503 1699 1
2491 2423 1
4789 2062 1
936 2809 1
2438 1008 1
3767 2307 1
3467 3669 1
2756 4642 1
625 4369 1
4176 480 1
314 3284 1
4162 810 1
4754 1285 1
293 3123 1
119 4784 1
3183 3817 1
2570 1086 1
2846 4974 1
297 445 1
3345 4762 1
2199 2343 1
1275 591 1
1812 1532 1
3466 4472 1
3575 2370 1
1634 3 1
235 2981 1
1689 4950 1
2552 1827 1
2279 1259 1
3569 125 1
1741 818 1
4546 3433 1
4644 3056 1
2841 3659 1
4379 2156 1
977 978 1
1720 2193 1
4465 940 1
4323 329 1
610 238 1
1457 293 1
8 1353 1
3648 345 1
4466 2652 1
3858 1073 1
3653 145 1
92 3932 1
664 4107 1
3756 1784 1
3099 4526 1
4300 2617 1
2263 2887 1
2227 1016 1
862 4234 1
2695 647 1
668 621 1
2539 3551 1
494 1111 1
4018 4230 1
2027 3527 1
2417 1206 1
1833 664 1
1822 4688 1
4006 839 1
3608 2002 1
2717 1022 1
4727 100 1
4188 762 1
4642 359 1
1864 4020 1
3289 2115 1
2292 4180 1
2267 3381 1
1121 4674 1
1915 4029 1
207 1004 1
4333 1358 1
323 2368 1
2137 845 1
578 2838 1
2932 4643 1
3341 1439 1
3636 486 1
3246 4140 1
719 364 1
3082 4405 1
1055 779 1
4107 880 1
724 2655 1
848 861 1
2313 1407 1
4679 819 1
780 3095 1
2142 211 1
3190 957 1
1162 958 1
517 1198 1
1138 4483 1
3953 1742 1
461 4666 1
1562 1545 1
684 3446 1
937 3639 1
2099 879 1
1010 1811 1
3185 3298 1
2916 4862 1
1194 3940 1
4434 4917 1
3046 2538 1
2813 4612 1
3303 3609 1
2551 72 1
3200 1879 1
4764 1438 1
1398 1843 1
3142 1976 1
2374 2767 1
1058 2027 1
2271 4256 1
1199 4824 1
4222 4205 1
4206 3086 1
3895 3252 1
2000 3359 1
4378 4763 1
510 4951 1
2488 1014 1
4911 1863 1
3586 2702 1
4701 1609 1
110 254 1
3334 817 1
4588 4408 1
4109 1945 1
3507 1647 1
3172 2899 1
761 32 1
853 3473 1
1333 4548 1
1162 1601 1
1918 2693 1
3856 665 1
4449 3930 1
4194 4053 1
4444 767 1
2797 4422 1
695 3311 1
4588 2829 1
1716 695 1
3923 4665 1
1900 2120 1
1728 2192 1
1906 303 1
3075 4968 1
3367 2648 1
552 4906 1
4969 4340 1
289 2022 1
2066 1803 1
3747 2095 1
1701 3150 1
4083 2736 1
4479 2397 1
3945 2299 1
2312 3587 1
2223 3248 1
231 2224 1
2140 4330 1
2304 90 1
4939 3748 1
875 1754 1
3193 3392 1
2138 3388 1
3801 4160 1
2935 828 1
942 2010 1
4639 2307 1
3546 1495 1
3026 1597 1
4814 318 1
3947 2877 1
860 3041 1
342 3155 1
4897 3425 1
1536 3295 1
3657 137 1
1611 3210 1
3924 2520 1
4596 2200 1
2287 658 1
2399 1591 1
4580 2061 1
3842 4635 1
4863 3390 1
2766 4527 1
3717 787 1
4951 2575 1
2826 1068 1
4513 4576 1
4821 2043 1
3402 1898 1
361 260 1
1905 1349 1
3349 3782 1
788 1817 1
4997 2502 1
1569 3877 1
4542 2491 1
199 1491 1
2417 2098 1
2413 1669 1
1402 3175 1
9 969 1
2100 2732 1
624 2970 1
3986 49 1
1769 1271 1
669 340 1
2694 1730 1
3256 4426 1
2025 3535 1
3270 3987 1
4460 220 1
609 1662 1
3593 4468 1
2448 4485 1
623 3576 1
1949 4999 1
3091 1818 1
3326 4202 1
4215 52 1
4716 4946 1
3773 3376 1
1131 947 1
2892 551 1
1600 508 1
3760 4328 1
1075 4794 1
2941 1621 1
4105 2901 1
2144 2972 1
2912 136 1
1053 449 1
53 1604 1
3988 308 1
4146 4099 1
4417 2216 1
474 3837 1
3416 2752 1
269 4728 1
78 920 1
1871 3827 1
4134 1374 1
2619 3043 1
891 2871 1
602 718 1
3556 1168 1
228 2933 1
1483 653 1
1999 3251 1
4075 1442 1
98 4677 1
2722 571 1
2937 1692 1
3639 191 1
2649 4287 1
3638 2759 1
527 4280 1
1760 3549 1
4921 4920 1
2995 1193 1
467 1527 1
664 4206 1
3179 4250 1
4475 811 1
1125 796 1
885 971 1
1620 2544 1
2895 965 1
1354 1448 1
3451 2677 1
3469 4576 1
1562 2645 1
3214 2165 1
2993 2255 1
4750 345 1
152 175 1
3040 4910 1
2702 4629 1
4701 1203 1
2809 918 1
3303 1179 1
1610 2891 1
349 4690 1
678 312 1
4734 3973 1
1762 3142 1
109 3568 1
4683 4544 1
4962 4164 1
4080 4773 1
3027 4830 1
4638 2767 1
741 1087 1
2227 1412 1
38 1047 1
1585 4064 1
62 2279 1
4175 2289 1
4798 3610 1
1233 2545 1
1095 4519 1
1071 3415 1
3420 3361 1
2162 1855 1
4151 3080 1
161 2407 1
1497 2510 1
3298 219 1
2662 2894 1
1913 4368 1
3700 4738 1
714 3877 1
3577 1846 1
3300 2033 1
2597 920 1
1704 231 1
2164 4203 1
1102 4883 1
2973 4316 1
1037 134 1
1617 758 1
2391 4388 1
968 4003 1
2961 23 1
896 2319 1
1743 3956 1
33 1207 1
4514 1290 1
3532 4005 1
1914 403 1
1294 4291 1
866 3886 1
4303 3429 1
3822 2821 1
2792 4362 1
4549 3223 1
541 3724 1
3509 262 1
166 1267 1
4554 4961 1
3545 59 1
2296 555 1
4182 585 1
2637 451 1
1666 1622 1
738 4726 1
491 2333 1
4764 380 1
4219 3679 1
4173 423 1
879 167 1
2101 3968 1
4778 3481 1
646 4216 1
883 3212 1
606 317 1
4563 1836 1
2686 725 1
2862 3346 1
1352 2093 1
132 2879 1
1820 1475 1
3794 450 1
4111 375 1
165 3763 1
1226 762 1
4297 1131 1
4303 4274 1
2453 4483 1
2326 1792 1
4043 4528 1
4753 632 1
2919 2241 1
1055 1427 1
1419 147 1
4500 4662 1
4003 1808 1
1784 39 1
1317 4566 1
298 1814 1
1082 2125 1
799 3717 1
4642 3563 1
1270 4724 1
3151 2536 1
4276 1383 1
1999 1339 1
3210 2944 1
2463 389 1
3764 181 1
4258 3746 1
2180 4752 1
2230 4736 1
815 110 1
4288 1271 1
1765 615 1
3810 2651 1
202 282 1
4324 3244 1
1747 821 1
1809 1858 1
68 1535 1
4895 1856 1
2077 1411 1
3636 704 1
4936 3331 1
3499 1412 1
3255 3485 1
4068 3548 1
4956 2972 1
2358 4813 1
4055 4955 1
293 552 1
3521 33 1
1399 4488 1
1823 2282 1
3251 4192 1
3274 1760 1
4800 4319 1
1332 890 1
4898 2801 1
3162 207 1
3248 2124 1
2406 3474 1
3554 4254 1
3794 4684 1
1246 2302 1
2250 4012 1
2444 2447 1
4163 2159 1
3571 4368 1
271 2960 1
4958 3015 1
1480 2488 1
3453 226 1
293 1585 1
4806 1385 1
3894 3471 1
3591 4848 1
3558 2740 1
756 3483 1
3385 1170 1
2666 1434 1
2200 1640 1
987 738 1
2338 1456 1
2433 2625 1
344 2479 1
1166 3254 1
711 1375 1
4897 852 1
2896 17 1
3975 877 1
4827 948 1
1975 1838 1
1283 4252 1
2276 2247 1
787 3176 1
4570 548 1
2113 2579 1
2114 1159 1
2853 4772 1
1178 4805 1
1905 2776 1
3655 3313 1
2309 3715 1
4147 693 1
2470 3686 1
211 1705 1
1652 1903 1
2909 4851 1
3965 1521 1
4830 905 1
699 1325 1
3988 368 1
2096 1184 1
4290 4975 1
3322 681 1
573 867 1
1957 2835 1
4931 2513 1
3619 619 1
2017 4599 1
1218 868 1
120 515 1
2699 3051 1
1737 248 1
2363 3980 1
104 1317 1
3605 4484 1
1767 2039 1
295 2 1
1677 3819 1
4508 2237 1
1095 1580 1
2558 4978 1
3166 38 1
4430 637 1
555 4484 1
1031 744 1
3498 3283 1
4430 3124 1
953 3204 1
4725 3088 1
2302 4551 1
2685 305 1
3319 1746 1
4614 1335 1
105 1229 1
3619 144 1
3597 1445 1
3806 2348 1
2653 3208 1
4929 4252 1
89 138 1
4098 1406 1
3523 28 1
1262 4599 1
1533 1032 1
3324 1821 1
2250 610 1
300 3926 1
822 857 1
4522 180 1
3889 3452 1
4687 305 1
531 2795 1
1122 1306 1
1926 4410 1
1196 2790 1
808 1124 1
2572 1987 1
4770 780 1
3260 384 1
3840 2721 1
233 436 1
2916 3436 1
1225 2696 1
214 4898 1
1481 4600 1
2472 4839 1
3028 1138 1
4705 1397 1
4036 4453 1
1761 1589 1
820 1081 1
2576 917 1
795 434 1
3329 4542 1
63 3160 1
1124 274 1
4198 250 1
4152 2562 1
2961 1597 1
1645 1410 1
1331 2864 1
3490 3405 1
3682 1498 1
1011 4797 1
3101 424 1
1720 2052 1
4858 2808 1
4538 3757 1
4506 4742 1
4340 504 1
646 3550 1
1063 3078 1
577 2551 1
3591 2542 1
2693 1990 1
1682 2824 1
617 3757 1
2464 2321 1
4213 1103 1
1400 4281 1
3398 1875 1
4553 3295 1
4711 754 1
1110 3495 1
1248 43 1
1657 4440 1
816 2723 1
817 4813 1
291 2730 1
4571 2214 1
4960 3553 1
2511 3804 1
1247 1928 1
3146 1211 1
1885 2556 1
3465 4811 1
3192 1415 1
2154 287 1
2961 3725 1
2569 4269 1
2359 4619 1
4147 2029 1
2088 4972 1
1538 2990 1
3219 1218 1
1003 3936 1
2772 3861 1
4535 138 1
4852 3491 1
3919 4412 1
897 2926 1
4819 4769 1
2735 1414 1
408 2084 1
3914 1008 1
1135 4810 1
2539 4211 1
682 3029 1
1434 16 1
4585 2576 1
2203 3454 1
382 1868 1
2695 3069 1
3144 2200 1
3160 3134 1
644 4325 1
2369 834 1
3876 4065 1
1921 245 1
2222 190 1
2285 2984 1
2128 4558 1
1839 4827 1
1681 4953 1
2419 63 1
4833 2710 1
4327 549 1
245 4038 1
4516 128 1
210 1186 1
1567 854 1
519 784 1
1106 1057 1
2722 1510 1
2890 3198 1
2099 2275 1
4705 3389 1
1157 3775 1
3186 757 1
4148 3090 1
1066 635 1
2007 1722 1
4549 4607 1
4456 2054 1
3282 3044 1
1909 88 1
4845 335 1
450 1963 1
599 1682 1
2006 4246 1
230 3846 1
1800 2645 1
1889 4845 1
1211 888 1
2431 3181 1
3 3694 1
1712 305 1
3172 2868 1
2521 188 1
3415 1065 1
3690 4236 1
1150 3319 1
3052 1082 1
2073 4100 1
1143 3935 1
1143 2351 1
4600 1641 1
2345 1007 1
3152 507 1
489 2563 1
507 4197 1
509 1031 1
778 3196 1
505 4222 1
4407 4419 1
1985 1322 1
4735 4517 1
4561 1760 1
3244 3569 1
1511 4175 1
3071 1415 1
2854 3267 1
218 936 1
3432 161 1
1368 2516 1
709 811 1
2989 4734 1
4067 4736 1
3731 1673 1
4578 1250 1
106 147 1
4683 537 1
557 2836 1
535 3832 1
2068 2223 1
922 454 1
1958 2281 1
1906 1665 1
1471 1121 1
4705 1950 1
1909 4229 1
3677 3344 1
4197 500 1
1181 3576 1
1971 4872 1
3919 2274 1
914 2580 1
3726 750 1
3353 3324 1
1302 1927 1
3005 2030 1
514 1863 1
717 2398 1
3532 1260 1
586 3969 1
2244 1743 1
2824 2359 1
3790 2509 1
608 1785 1
4930 1741 1
2210 803 1
4403 3399 1
979 66 1
2241 4403 1
3290 2923 1
4370 4962 1
2291 4292 1
2963 1570 1
414 4118 1
757 3564 1
2474 320 1
4812 466 1
3772 3873 1
211 4010 1
2403 859 1
2104 4265 1
3158 2772 1
3504 4538 1
2170 1423 1
1615 2278 1
4078 67 1
3409 2108 1
1884 2364 1
3904 3152 1
3023 275 1
2939 2746 1
1846 239 1
4908 2878 1
3425 698 1
1865 2406 1
1055 2046 1
3325 2153 1
1628 2189 1
1509 1748 1
442 4852 1
1791 897 1
2895 571 1
959 3953 1
4454 3168 1
3804 2710 1
210 813 1
1537 329 1
3039 3024 1
4774 3816 1
2860 1679 1
2928 2131 1
1876 2753 1
4845 4803 1
836 175 1
2191 1153 1
1803 408 1
4621 1747 1
1964 4247 1
350 3814 1
2148 3446 1
1228 3687 1
3984 4061 1
2151 2327 1
1287 3293 1
1433 155 1
2410 1216 1
4991 4269 1
4654 15 1
4405 1336 1
4738 2644 1
4394 3685 1
1494 42 1
3595 3565 1
2530 1765 1
465 2476 1
1301 3734 1
922 52 1
1706 1554 1
4385 51 1
1882 1260 1
828 2109 1
1352 2949 1
944 492 1
3188 4324 1
2055 1572 1
1110 4493 1
2090 589 1
2377 315 1
1623 4250 1
86 5 1
4890 1690 1
395 419 1
131 2221 1
2773 4659 1
1261 375 1
1183 3740 1
3523 669 1
4739 3463 1
3697 3040 1
340 4843 1
4968 3134 1
4826 2758 1
2109 975 1
4569 3185 1
4936 696 1
2859 1081 1
2002 3715 1
4915 1744 1
141 2270 1
2574 1155 1
2934 2538 1
300 3449 1
2487 4543 1
1885 3222 1
4135 855 1
4758 1711 1
2876 1349 1
2191 3928 1
2915 81 1
1689 2711 1
2716 771 1
846 1392 1
3884 2271 1
3708 4271 1
3475 4641 1
4863 789 1
3719 3659 1
1521 346 1
609 659 1
281 4741 1
471 1849 1
1080 522 1
1310 733 1
2056 2900 1
2818 4223 1
2556 3518 1
4112 3175 1
1406 3655 1
3188 3641 1
4102 4325 1
791 2558 1
1878 3582 1
979 4359 1
641 1011 1
816 225 1
4091 3191 1
2411 3948 1
3025 4335 1
4127 3224 1
2858 740 1
803 380 1
1120 4516 1
1213 3836 1
2660 4846 1
1690 3170 1
4170 4578 1
2298 2076 1
4973 1685 1
1358 4613 1
2375 2166 1
4422 3000 1
1549 1776 1
3879 325 1
4090 1285 1
3493 2901 1
1272 3148 1
3234 247 1
3521 4913 1
2169 4056 1
2593 1359 1
2185 542 1
1840 2628 1
2380 3603 1
253 2379 1
2839 3280 1
4563 13 1
1 1550 1
146 1047 1
4664 1976 1
3556 2466 1
3914 3586 1
4436 3401 1
2369 4117 1
1455 4080 1
4768 2429 1
891 3999 1
1220 4730 1
3936 801 1
2220 61 1
336 837 1
2481 1205 1
3614 1826 1
724 2750 1
631 2139 1
1395 2887 1
3240 626 1
3376 3267 1
4274 2565 1
135 3994 1
3583 1212 1
3208 12 1
2419 741 1
1444 4783 1
4177 265 1
3909 1118 1
220 160 1
4533 1387 1
1703 4707 1
4334 3930 1
4174 350 1
2012 776 1
1217 4813 1
2128 4586 1
288 3185 1
2420 3293 1
4718 2480 1
4297 3676 1
2048 4635 1
3662 3355 1
980 133 1
2225 3839 1
2747 4450 1
605 342 1
1205 2469 1
3146 4129 1
3914 751 1
3971 1386 1
159 4048 1
2709 1848 1
4105 4415 1
2799 2514 1
3253 103 1
222 358 1
1182 3335 1
2780 2239 1
1554 1297 1
3733 2797 1
2968 4190 1
1478 1878 1
3980 295 1
1353 897 1
699 4235 1
1103 405 1
4260 2412 1
3511 2831 1
3456 3624 1
3322 2416 1
2371 3516 1
2729 591 1
3341 4224 1
469 539 1
2063 4979 1
2191 281 1
4138 1996 1
3749 1877 1
2112 4185 1
4487 2190 1
4550 4815 1
3896 2641 1
767 1901 1
455 1100 1
1602 482 1
3649 3355 1
2181 2901 1
1518 406 1
499 2433 1
184 3637 1
81 2371 1
4678 233 1
1907 4444 1
2132 3101 1
546 2616 1
4672 3566 1
4564 4888 1
3452 811 1
800 4053 1
3452 4447 1
1347 605 1
3142 4595 1
2977 3986 1
2783 3150 1
2162 1309 1
3446 4943 1
1215 952 1
2162 753 1
3960 1298 1
1971 239 1
2471 3970 1
1256 3109 1
1859 2503 1
2427 3709 1
2054 3907 1
3388 2400 1
4014 769 1
2235 36 1
3825 3703 1
2335 1277 1
4550 3713 1
4808 1331 1
3226 4754 1
4945 466 1
565 3558 1
62 2229 1
1350 4402 1
2157 4461 1
1250 3265 1
1059 4259 1
4271 1281 1
3953 143 1
4794 1970 1
609 1390 1
4829 85 1
397 4723 1
4817 3625 1
4008 4747 1
1875 3121 1
4286 4430 1
2810 2512 1
2228 1019 1
68 2952 1
3324 1255 1
2247 3769 1
1239 944 1
604 374 1
2418 4397 1
3942 4563 1
2583 878 1
2607 4383 1
4549 4602 1
4232 1940 1
2323 2700 1
4904 469 1
38 557 1
3825 470 1
4680 3963 1
4370 2293 1
3386 2553 1
2950 2580 1
4012 3733 1
4624 4968 1
4477 2045 1
4604 660 1
712 3525 1
601 3870 1
4440 3210 1
1509 1832 1
2396 2265 1
1348 3048 1
3357 2455 1
2999 906 1
4202 835 1
3671 2035 1
3543 1205 1
2199 2503 1
3725 3065 1
1724 4438 1
2190 4513 1
3252 1462 1
612 2075 1
506 3731 1
3577 25 1
4253 2974 1
479 621 1
3728 4757 1
3417 2560 1
991 2362 1
1896 1576 1
3820 49 1
3093 3159 1
4705 1111 1
1798 3584 1
4196 2010 1
3953 3880 1
3282 100 1
3003 2755 1
3461 3199 1
241 4044 1
3655 2456 1
2986 4183 1
4445 1860 1
1046 4280 1
3372 2992 1
4361 3516 1
86 1960 1
1355 162 1
2282 4710 1
4551 4904 1
1185 2518 1
2776 4255 1
2618 4803 1
4694 3616 1
2001 351 1
3570 1879 1
1739 2700 1
848 2155 1
1142 3322 1
1210 67 1
1757 2506 1
1374 2350 1
3119 1306 1
1401 1685 1
1955 2796 1
739 883 1
1904 2847 1
764 2991 1
3209 3250 1
1344 524 1
4710 3620 1
4582 396 1
3818 50 1
2399 669 1
2879 4579 1
2814 1883 1
3966 1034 1
2390 495 1
4861 3488 1
4925 2829 1
2963 2450 1
890 4941 1
737 2219 1
4200 688 1
588 4753 1
2135 2850 1
1141 3853 1
2411 588 1
1284 2905 1
4455 4061 1
1548 4797 1
2636 2866 1
708 1797 1
1695 1043 1
1997 1093 1
3031 4232 1
1878 3653 1
657 319 1
3599 2026 1
380 2068 1
1672 4631 1
2709 3122 1
1331 1343 1
199 554 1
344 2595 1
1484 4765 1
3706 2305 1
2383 682 1
3899 4107 1
2508 4038 1
478 2155 1
2085 2864 1
1046 1956 1
1816 2769 1
2446 2162 1
2470 2269 1
217 4515 1
418 1547 1
1824 1998 1
2757 4858 1
2674 4669 1
1666 4351 1
1892 2092 1
901 1826 1
3760 3313 1
1314 4519 1
2220 3331 1
1688 4483 1
1864 1495 1
2044 2511 1
2030 127 1
4096 2295 1
4427 1897 1
1952 1608 1
4656 752 1
947 1403 1
3692 3753 1
2231 1315 1
2897 1980 1
2362 4989 1
1721 4939 1
4591 308 1
3034 4670 1
1165 4898 1
3393 94 1
4220 2500 1
4130 814 1
3388 526 1
2609 1670 1
2327 2797 1
788 4529 1
1619 3797 1
2076 2105 1
2532 871 1
2689 912 1
2347 956 1
3938 917 1
2971 2783 1
680 2319 1
3278 788 1
3139 3679 1
2302 850 1
4558 521 1
4179 3216 1
4710 141 1
4729 3520 1
309 1127 1
2576 1467 1
3436 1906 1
4094 4646 1
2002 4539 1
2639 2766 1
4682 757 1
459 124 1
3959 4594 1
4498 3457 1
803 4916 1
4779 1315 1
2851 418 1
47 4370 1
2386 4144 1
11 4776 1
2203 4110 1
1630 2328 1
4974 2638 1
1298 4312 1
1125 94 1
326 1040 1
4617 4211 1
1585 3809 1
3684 1303 1
1306 687 1
984 4781 1
2424 1023 1
4239 2074 1
1272 453 1
2314 2991 1
3039 2679 1
1448 2029 1
174 304 1
1998 1337 1
3016 1960 1
4926 2547 1
3169 3980 1
2093 4699 1
2936 378 1
1681 3085 1
494 2947 1
1983 2564 1
402 2791 1
3521 439 1
1839 3833 1
1536 617 1
209 1296 1
2443 4999 1
2387 2484 1
3842 1914 1
3762 1850 1
3000 2767 1
821 2020 1
3706 3470 1
1646 4414 1
4523 942 1
2115 778 1
2067 4801 1
3707 2667 1
4417 2467 1
2534 4966 1
4565 3387 1
4225 2026 1
1911 396 1
3117 1229 1
1330 3802 1
2842 3203 1
721 663 1
1164 1393 1
2028 2012 1
686 3284 1
2966 1231 1
272 4783 1
4184 939 1
4050 2794 1
4717 3784 1
795 1253 1
1376 2228 1
3547 1692 1
3083 4963 1
1184 2039 1
3583 4495 1
1550 299 1
1808 1621 1
2032 2468 1
2272 2749 1
2344 1794 1
1876 4976 1
4659 4912 1
4710 3212 1
1553 4384 1
2081 3199 1
2041 2495 1
3327 4407 1
3130 4187 1
1155 3816 1
3627 1268 1
3423 4047 1
2841 3483 1
4000 3796 1
1773 1417 1
3269 3818 1
881 1144 1
4462 2360 1
1441 3435 1
659 1401 1
2173 884 1
394 3780 1
4308 2930 1
4396 2502 1
1269 1233 1
3954 55 1
3791 1943 1
4817 4870 1
3845 2266 1
4100 2623 1
1262 2669 1
1940 1779 1
3783 3031 1
3696 811 1
3867 4018 1
2505 81 1
108 2224 1
709 3104 1
193 1024 1
722 824 1
2779 1480 1
4798 4566 1
2695 1882 1
3468 883 1
1076 3458 1
1725 3555 1
2933 66 1
3787 1767 1
3027 1817 1
1235 2596 1
1517 99 1
1396 2881 1
2840 4996 1
1466 30 1
2583 634 1
3990 948 1
853 4760 1
315 43 1
2993 24 1
3985 14 1
3635 3932 1
2399 1060 1
1257 2188 1
4810 2047 1
192 2823 1
2680 3805 1
297 2193 1
3318 905 1
1822 4367 1
2016 4509 1
3769 3607 1
624 3263 1
2111 3529 1
4474 4533 1
2852 4075 1
4140 1970 1
287 1351 1
3526 690 1
4935 558 1
2141 4146 1
377 1995 1
473 4695 1
4066 2375 1
1927 3284 1
152 4877 1
4520 3846 1
3650 1258 1
2637 3382 1
46 1031 1
1629 2993 1
1573 1866 1
1776 4510 1
562 2401 1
3710 4900 1
1928 3430 1
1280 1195 1
1902 4424 1
514 833 1
2410 1605 1
2971 3829 1
768 1056 1
3442 3898 1
2930 4063 1
3249 2416 1
3165 1614 1
4809 2834 1
4560 4940 1
1466 2938 1
4991 724 1
1603 678 1
4497 4256 1
900 4070 1
2946 981 1
3561 2503 1
3370 776 1
4408 3412 1
31 609 1
4668 3201 1
1670 1683 1
2665 1335 1
868 4473 1
4424 3974 1
2204 2870 1
2680 4316 1
2518 3497 1
3812 1439 1
2160 3947 1
3769 190 1
4941 2770 1
601 3525 1
354 4576 1
2218 3367 1
4928 4174 1
1886 2832 1
1522 4496 1
4768 347 1
1053 1426 1
4822 4540 1
1850 2938 1
4457 2346 1
3817 3480 1
592 1365 1
4413 227 1
14 187 1
3262 1166 1
2229 1383 1
3451 2994 1
3445 2916 1
1067 414 1
3285 20 1
4203 2615 1
4690 873 1
4179 953 1
784 3869 1
2565 3627 1
791 1157 1
781 3799 1
3106 2557 1
3725 1918 1
274 2176 1
1584 2898 1
1884 2098 1
4050 1043 1
566 1510 1
2083 2220 1
98 1466 1
4688 1657 1
2738 3776 1
4903 919 1
4751 3290 1
827 1112 1
3095 512 1
4587 4365 1
3793 2324 1
2393 2041 1
736 4175 1
2467 3069 1
3573 568 1
3218 2009 1
361 3192 1
3400 4196 1
163 28 1
4396 2019 1
824 1576 1
4181 2775 1
1527 318 1
3317 4630 1
1296 924 1
1748 4761 1
3728 3175 1
454 4377 1
840 4816 1
2699 4639 1
44 3023 1
2648 1075 1
2974 1725 1
4290 2821 1
2055 3082 1
3624 332 1
3389 2313 1
1377 131 1
3182 1645 1
4959 4139 1
2874 854 1
925 3618 1
711 4938 1
4837 3383 1
3798 3487 1
2161 4835 1
4771 3257 1
2796 2414 1
2425 4666 1
2689 2340 1
2578 141 1
317 4406 1
3714 3264 1
3400 262 1
3071 3519 1
1740 1470 1
3484 1416 1
4055 4604 1
2286 4413 1
3354 382 1
3118 1176 1
2780 111 1
1324 689 1
1092 4114 1
2523 1085 1
327 945 1
2325 2726 1
901 3346 1
4309 3545 1
746 864 1
1687 4227 1
2409 4597 1
1798 125 1
4591 834 1
516 2379 1
2466 4430 1
1853 3925 1
3258 4450 1
4758 2928 1
2654 204 1
1622 1873 1
2896 1948 1
1079 4647 1
675 1417 1
3328 1776 1
2915 286 1
2913 1118 1
3861 3772 1
489 4825 1
4072 1086 1
2355 4663 1
3433 648 1
3581 3648 1
3761 654 1
4211 333 1
4153 4555 1
4854 2486 1
3153 3365 1
1635 4259 1
3206 2439 1
3915 3378 1
4841 1992 1
3771 1152 1
882 2784 1
2156 3131 1
4190 2257 1
1664 4269 1
4856 1501 1
3506 1857 1
739 645 1
528 4093 1
952 174 1
827 933 1
3230 2103 1
2633 4709 1
3761 652 1
3657 4120 1
695 4431 1
4924 2787 1
2335 366 1
3417 3922 1
4371 2489 1
3915 4842 1
298 4404 1
1070 1925 1
2589 2169 1
2324 4442 1
3891 508 1
3674 1950 1
3213 3795 1
141 1002 1
4658 725 1
3267 351 1
1837 1807 1
1462 1808 1
3213 3800 1
3278 4062 1
3826 3759 1
1284 2760 1
2355 3189 1
2291 497 1
2634 2034 1
3910 2460 1
1084 610 1
4051 1249 1
3352 2158 1
2143 2437 1
4404 3644 1
1107 1240 1
4286 719 1
4285 715 1
550 1146 1
1896 3705 1
3214 681 1
966 2222 1
2566 3175 1
3075 49 1
1491 3930 1
733 1042 1
3986 3841 1
1953 2030 1
4974 43 1
681 3782 1
3508 708 1
1231 3218 1
4183 1324 1
1077 2890 1
2882 164 1
179 622 1
182 1166 1
643 112 1
3904 4269 1
4735 2606 1
986 1282 1
4103 1810 1
1991 228 1
1115 4134 1
1301 4567 1
878 1646 1
924 3010 1
357 2933 1
755 4078 1
4552 868 1
1012 3543 1
134 918 1
4966 1825 1
1700 3683 1
1566 3062 1
3092 4839 1
1981 2778 1
2868 1596 1
725 3188 1
2167 1131 1
1708 1921 1
4616 3870 1
2496 1422 1
267 3983 1
523 1829 1
4627 2175 1
2176 2106 1
2422 1030 1
4783 4461 1
2333 79 1
4464 735 1
4143 3067 1
1211 1870 1
2900 2175 1
2064 3196 1
1738 195 1
3280 4537 1
183 653 1
286 2232 1
4214 4523 1
2119 785 1
2403 3530 1
4193 4823 1
2965 1207 1
264 1788 1
2449 4645 1
1446 4894 1
693 121 1
973 994 1
2475 2975 1
3756 1264 1
4079 2730 1
2995 173 1
124 2717 1
535 2347 1
2361 488 1
3289 3120 1
3965 576 1
1237 724 1
902 3060 1
4761 2252 1
3384 3141 1
1355 1080 1
4273 954 1
1515 2914 1
2976 4880 1
4720 3365 1
4885 1970 1
2615 1340 1
215 2654 1
1661 1625 1
3539 3051 1
4925 1547 1
2144 438 1
1499 3727 1
775 4793 1
2658 4790 1
3818 3444 1
2213 4221 1
2914 1722 1
1254 2986 1
2460 200 1
2075 3039 1
4607 564 1
4165 2519 1
2508 3270 1
135 546 1
1541 721 1
2732 3358 1
1335 4411 1
2337 3603 1
3638 2671 1
1426 1939 1
1783 4515 1
1321 1780 1
1010 1518 1
4845 4443 1
2661 603 1
3332 2256 1
594 429 1
3243 2565 1
3611 4745 1
78 4099 1
462 4478 1
987 1583 1
2428 4410 1
2591 1520 1
212 2844 1
159 3672 1
4019 3422 1
1489 938 1
1643 3096 1
2658 930 1
940 2459 1
1067 2098 1
1348 2194 1
3419 4333 1
4369 719 1
3295 1143 1
1833 4545 1
2181 792 1
4575 3503 1
370 2082 1
2532 4398 1
589 3797 1
578 3569 1
2987 3409 1
1967 1289 1
2377 3944 1
4166 472 1
3234 976 1
1659 1881 1
1994 2483 1
2577 3059 1
3054 2502 1
4210 809 1
3738 3621 1
1208 4078 1
4949 4655 1
3829 4357 1
584 2429 1
2392 1027 1
4925 992 1
783 4736 1
2653 4752 1
3626 2591 1
2038 2962 1
3149 3887 1
2599 3395 1
3204 2179 1
161 1521 1
22 4226 1
2155 3722 1
3443 4015 1
1951 1738 1
2607 658 1
3138 2601 1
426 2731 1
3021 1977 1
3815 4206 1
1169 4737 1
4577 367 1
4884 2274 1
651 841 1
4007 2288 1
2110 3306 1
304 468 1
3654 4869 1
3094 2361 1
364 3766 1
1125 3235 1
3298 3681 1
3289 4434 1
4722 907 1
2559 630 1
2102 3234 1
1938 2123 1
3064 857 1
3496 462 1
2626 4681 1
2882 867 1
1713 1561 1
626 3286 1
3579 1832 1
348 402 1
430 1859 1
4640 733 1
4205 1220 1
1117 4466 1
1650 3937 1
115 2676 1
2388 1272 1
1686 4346 1
4352 3461 1
3684 1275 1
3540 2480 1
4935 827 1
841 1247 1
4838 1944 1
4417 111 1
3512 4503 1
3482 4074 1
891 4712 1
3802 1117 1
525 2589 1
3628 837 1
783 4154 1
3771 3731 1
2568 4727 1
4659 2953 1
1739 4416 1
1497 3849 1
1987 3989 1
1699 2427 1
309 3974 1
2169 341 1
4047 2087 1
1638 1657 1
3962 399 1
4294 2436 1
1144 1613 1
1201 1255 1
4731 1860 1
31 402 1
2715 1930 1
2012 2074 1
345 4172 1
2287 2187 1
1930 1575 1
3046 602 1
649 4122 1
4795 4234 1
3996 3911 1
3045 222 1
225 3126 1
3391 440 1
3040 2728 1
4593 603 1
746 2003 1
4636 1252 1
3681 4131 1
2888 115 1
2943 4117 1
627 4769 1
2576 4826 1
3181 2004 1
2263 2060 1
3279 326 1
3145 738 1
2541 1278 1
2354 4810 1
2774 1802 1
110 1767 1
14 567 1
3175 445 1
2617 4225 1
2989 1891 1
3967 3210 1
3611 3855 1
4864 1287 1
79 1396 1
1324 1781 1
3318 2040 1
4392 2035 1
3587 3097 1
3048 2997 1
4201 2196 1
3040 752 1
532 2825 1
4157 4626 1
4594 1686 1
4709 3949 1
1632 4580 1
2381 1764 1
276 2799 1
543 3196 1
3733 3138 1
3689 3849 1
3963 742 1
1232 3594 1
2202 4711 1
3287 4726 1
4231 2614 1
1237 1096 1
3294 821 1
451 2886 1
1323 2030 1
3925 2490 1
3407 3798 1
2579 4704 1
498 1334 1
892 2118 1
49 2464 1
4112 670 1
3341 2848 1
3721 1589 1
1550 3306 1
690 2188 1
2913 3052 1
2753 1057 1
2891 3031 1
4435 4471 1
550 2526 1
3268 384 1
3901 1439 1
4083 3801 1
135 3797 1
212 92 1
2816 2227 1
1668 3375 1
883 644 1
3182 1517 1
2484 3325 1
4360 862 1
2912 2978 1
3687 3147 1
4931 3995 1
4189 1326 1
1895 1541 1
3421 3203 1
1654 1290 1
2953 1123 1
1440 1098 1
1841 3136 1
1979 1284 1
3841 910 1
1947 97 1
2627 1034 1
1893 477 1
1451 4074 1
4672 3951 1
1816 4369 1
3778 2331 1
1543 3349 1
4820 284 1
3381 3673 1
1739 1120 1
1472 616 1
1899 4884 1
522 401 1
1751 1661 1
1530 961 1
3431 3110 1
3673 2861 1
4186 4065 1
3885 2920 1
319 1867 1
1846 3606 1
3977 3213 1
3378 674 1
215 2013 1
2308 3131 1
2404 1451 1
1552 3628 1
3086 4400 1
3429 3927 1
1096 1421 1
1919 4069 1
4353 1826 1
2303 3792 1
1123 3452 1
4437 2641 1
1566 2815 1
3337 2876 1
4679 4162 1
4390 2711 1
738 4980 1
4375 954 1
2390 714 1
831 4667 1
4206 2378 1
2044 2431 1
2404 1792 1
1636 1404 1
3901 3402 1
937 3875 1
4393 2085 1
4256 2998 1
4708 3617 1
2318 3561 1
4167 3661 1
2830 1086 1
4569 1463 1
3823 3272 1
1965 2188 1
2121 3105 1
1991 3855 1
3797 137 1
1097 4171 1
4536 1276 1
4802 950 1
1854 1596 1
4563 1465 1
2094 4168 1
2438 3786 1
3084 3576 1
1175 2146 1
4834 4597 1
4366 3924 1
2972 2604 1
3755 3768 1
1077 1995 1
1660 4954 1
1357 4125 1
4799 4329 1
4541 1227 1
1157 913 1
3501 2600 1
3229 4281 1
1691 4211 1
750 2983 1
461 4732 1
2046 2106 1
1129 4903 1
1863 3554 1
335 2299 1
4957 4614 1
2520 523 1
4870 4318 1
4483 1041 1
2079 2775 1
2320 895 1
3090 1551 1
2730 1450 1
583 1430 1
3351 603 1
2994 4547 1
3576 4791 1
3205 4286 1
1454 3534 1
1931 809 1
2056 4898 1
3192 3594 1
838 3539 1
44 498 1
1488 4119 1
1197 2006 1
800 138 1
2621 141 1
1047 1593 1
4433 705 1
73 1571 1
3424 769 1
657 3698 1
382 4855 1
220 596 1
3548 3298 1
1799 2931 1
1288 4356 1
1315 3878 1
1958 4774 1
3752 2794 1
4679 2212 1
1647 3427 1
4987 3624 1
4588 419 1
3729 1482 1
3028 984 1
4058 4052 1
3241 4747 1
4532 3115 1
881 4435 1
3921 2924 1
2994 44 1
4668 4836 1
1213 2636 1
3985 4537 1
3291 1083 1
1971 127 1
167 3515 1
1245 2264 1
876 1592 1
3007 1651 1
3742 1939 1
4984 2613 1
2901 1179 1
2434 99 1
2573 1288 1
1909 1795 1
4504 989 1
4571 327 1
4439 96 1
4334 4785 1
3648 3982 1
1868 223 1
2609 1060 1
3640 3348 1
4648 2103 1
831 3026 1
4207 2057 1
1597 2008 1
4484 4706 1
4369 3102 1
4839 3337 1
2712 1932 1
3588 182 1
2457 2630 1
1923 3063 1
769 2952 1
4966 839 1
2624 3020 1
1133 1851 1
3984 417 1
4876 2117 1
515 4369 1
3987 1856 1
1101 2858 1
1241 1413 1
3819 1393 1
4265 682 1
1753 4615 1
2643 2585 1
4381 2696 1
2080 1233 1
2111 4863 1
2221 1318 1
3041 2584 1
482 4998 1
1752 3189 1
1167 1827 1
1857 3411 1
4153 2049 1
1277 1341 1
2283 1067 1
1349 893 1
1253 4138 1
1466 4715 1
3677 1096 1
3351 1371 1
4565 2741 1
4146 1316 1
3215 626 1
480 1719 1
1889 4521 1
3670 3844 1
2737 4 1
2402 4116 1
4281 241 1
3125 1546 1
2431 2350 1
362 2185 1
2266 1545 1
2499 3022 1
2726 699 1
3291 3052 1
1981 3367 1
205 50 1
3623 1635 1
747 2208 1
1119 2072 1
977 4178 1
3529 3056 1
3162 100 1
2501 1616 1
3357 3201 1
2852 3993 1
124 2233 1
2707 4788 1
58 933 1
2296 4335 1
1564 4625 1
207 338 1
4299 1842 1
4654 4849 1
2716 3789 1
4507 3030 1
1461 2188 1
4066 2668 1
344 1948 1
2180 1925 1
2389 4905 1
3858 2610 1
885 3352 1
1424 1142 1
3398 3496 1
4046 2705 1
449 265 1
1770 4200 1
1380 3608 1
3499 1959 1
4040 970 1
2698 1344 1
3325 1267 1
3426 3800 1
790 868 1
563 3964 1
3277 4575 1
790 1692 1
1785 3283 1
3095 1138 1
1227 3683 1
3908 3989 1
3887 672 1
4150 3073 1
4590 4996 1
2625 4909 1
3748 4143 1
744 4499 1
3679 851 1
4954 3347 1
2022 3339 1
3516 4985 1
991 4996 1
3560 4896 1
3039 2306 1
29 3239 1
1718 3957 1
2031 321 1
1720 4868 1
3977 3313 1
450 3315 1
84 3297 1
3259 1643 1
4664 3517 1
4841 2096 1
4052 2243 1
4016 266 1
3269 836 1
2625 3603 1
3559 3166 1
4349 3494 1
2434 3739 1
1155 427 1
3102 1210 1
2514 1108 1
4289 4663 1
3058 1931 1
4296 889 1
139 4178 1
2587 649 1
1405 3426 1
1247 3365 1
289 4418 1
3700 1007 1
1741 3735 1
587 4522 1
4060 4284 1
4052 1754 1
2441 4942 1
701 2221 1
62 3800 1
95 1781 1
1922 1906 1
4210 1773 1
4341 70 1
4529 761 1
1588 1070 1
281 621 1
1652 109 1
4608 544 1
2888 2457 1
3420 703 1
3123 48 1
1492 2721 1
1556 2920 1
2341 868 1
1980 611 1
3431 4352 1
225 1577 1
148 4162 1
2603 4995 1
1281 378 1
2634 4457 1
837 1334 1
2462 643 1
4425 2468 1
3167 4813 1
4761 4167 1
4217 2488 1
4959 1349 1
1522 2713 1
2426 4932 1
2174 788 1
1982 1937 1
3394 3532 1
1954 3070 1
1768 4346 1
3438 2760 1
2059 526 1
4826 133 1
3403 3066 1
608 802 1
1555 4198 1
4361 4161 1
2288 4458 1
3939 560 1
2561 3033 1
1222 3465 1
1060 3738 1
267 866 1
125 1236 1
672 1242 1
3793 379 1
4492 4241 1
2248 1273 1
2646 1733 1
1714 1538 1
3697 3968 1
389 3582 1
1167 4154 1
2070 2438 1
2941 2209 1
3168 1061 1
3364 3613 1
4873 4488 1
2833 4553 1
4141 943 1
1353 3207 1
1344 4700 1
4266 2597 1
3429 1386 1
3870 2623 1
4085 111 1
1047 2231 1
3899 807 1
3238 84 1
4277 3001 1
4033 2995 1
1103 2238 1
2163 3948 1
173 4808 1
3699 268 1
4756 332 1
1943 3476 1
4273 3585 1
4530 772 1
3883 492 1
95 2186 1
2706 142 1
4584 861 1
1036 1000 1
3410 4625 1
4602 3574 1
2056 3204 1
1941 455 1
4485 2426 1
648 4439 1
1606 835 1
2999 4643 1
1761 3864 1
595 4861 1
4525 2409 1
347 2873 1
1283 2555 1
3541 1993 1
3654 3070 1
4081 3880 1
915 1927 1
4713 2544 1
2143 1239 1
4840 3098 1
3012 2158 1
2582 685 1
2605 2559 1
4684 3172 1
2845 598 1
3165 2280 1
1312 4467 1
2092 72 1
3840 1673 1
296 2140 1
4985 1432 1
1467 4022 1
4468 1542 1
899 676 1
198 3788 1
2663 903 1
4145 4926 1
3476 92 1
3307 2445 1
1792 3415 1
2346 2254 1
716 1469 1
1455 2013 1
3234 3053 1
70 1222 1
2920 4537 1
2375 3061 1
3658 4037 1
3224 3890 1
344 859 1
242 3073 1
2681 3716 1
627 261 1
1856 2849 1
3470 2125 1
1278 27 1
3122 710 1
130 1498 1
2518 1894 1
2286 2853 1
2567 4027 1
2641 3593 1
4892 4057 1
400 2642 1
3533 3439 1
1954 3705 1
1968 4874 1
4409 1196 1
1305 2392 1
4691 1473 1
1156 1418 1
2319 2353 1
867 4456 1
2004 2084 1
3908 1208 1
926 4131 1
2460 4681 1
2637 3828 1
4652 316 1
2073 1340 1
4403 2064 1
428 159 1
4335 3834 1
855 653 1
142 1341 1
240 904 1
4923 1805 1
1830 2226 1
847 2594 1
4244 874 1
2738 2255 1
1983 4246 1
3242 3228 1
4882 2958 1
2404 3159 1
4598 196 1
394 1820 1
718 2478 1
2515 216 1
2337 497 1
3867 2454 1
963 2056 1
3875 3604 1
1667 386 1
420 2427 1
4941 126 1
4439 2280 1
474 3838 1
729 4839 1
2935 2496 1
3294 3801 1
1126 3292 1
4099 4327 1
701 4653 1
2366 391 1
899 2405 1
4364 892 1
2401 3037 1
3459 1187 1
3455 2764 1
113 4979 1
147 2967 1
2232 57 1
2673 177 1
1739 2300 1
2304 1621 1
3400 1266 1
4145 427 1
3221 2112 1
388 2079 1
2874 3693 1
938 1818 1
2990 1102 1
878 629 1
1830 638 1
2146 1743 1
4284 3192 1
3616 4548 1
4132 2603 1
3912 3896 1
225 2294 1
4480 1261 1
149 1431 1
4050 3854 1
4204 500 1
2533 3852 1
1759 3612 1
4758 2465 1
3764 2591 1
3438 4856 1
3553 4266 1
835 1283 1
1210 1074 1
4026 4106 1
2742 1954 1
4674 3013 1
1240 2957 1
3646 2824 1
898 4034 1
3145 3667 1
2732 3132 1
4360 3115 1
2590 4562 1
3892 4719 1
2072 1966 1
3595 176 1
4534 3869 1
1444 4070 1
3142 2665 1
583 2907 1
895 3011 1
1714 2942 1
2485 3344 1
2902 338 1
876 2615 1
4194 1582 1
2893 3738 1
300 2954 1
4651 1462 1
4530 3195 1
1906 237 1
1598 2530 1
1637 2572 1
1298 2119 1
4997 2594 1
4971 1356 1
3661 1704 1
2184 3180 1
570 2700 1
3568 4214 1
2091 1292 1
4432 4770 1
463 372 1
1936 7 1
3089 723 1
4822 3316 1
2284 4846 1
2725 4755 1
1975 4480 1
2900 493 1
2771 4007 1
2636 4768 1
1485 2471 1
2251 4966 1
2867 3254 1
3429 654 1
650 1049 1
4299 2313 1
235 763 1
1114 4607 1
3678 2975 1
1453 322 1
1350 3508 1
3913 347 1
86 1515 1
2469 1479 1
1519 204 1
1119 982 1
4999 1775 1
777 4009 1
1603 1770 1
2869 4125 1
2207 4190 1
988 2290 1
4393 1641 1
779 568 1
4501 2755 1
4467 1137 1
3650 3425 1
3164 3215 1
173 4319 1
2557 1664 1
3905 3404 1
2514 3387 1
766 4422 1
4494 3372 1
4086 2950 1
4218 738 1
4054 4623 1
838 2370 1
1889 2762 1
1842 4708 1
196 3306 1
1404 26 1
1532 3513 1
1815 1696 1
534 1233 1
3309 4290 1
3157 599 1
946 2834 1
3226 951 1
362 3470 1
3269 3472 1
3431 2000 1
3100 1152 1
4534 4595 1
1501 1612 1
3519 1021 1
2920 4864 1
1430 3853 1
3102 1130 1
2880 4146 1
514 370 1
579 189 1
639 3772 1
2322 1354 1
4461 4409 1
671 1344 1
331 4817 1
2864 2525 1
2081 1998 1
2628 324 1
3662 4804 1
1584 529 1
950 4254 1
2657 4778 1
4964 2693 1
748 3799 1
616 1631 1
3972 716 1
2228 932 1
4001 2461 1
4921 2473 1
4931 3463 1
1921 2116 1
171 3098 1
3878 656 1
2063 529 1
2951 711 1
4331 3223 1
1019 1004 1
3515 4985 1
4 1633 1
1572 1952 1
592 2385 1
2286 2178 1
842 2308 1
4782 4937 1
359 2949 1
3628 2477 1
4694 3038 1
1642 4454 1
3448 1496 1
3943 1383 1
3027 1110 1
4950 3758 1
165 580 1
1373 723 1
2868 497 1
206 909 1
465 3240 1
3399 3744 1
4017 1691 1
3217 3455 1
2211 4233 1
3083 1340 1
547 1087 1
2219 814 1
3602 3028 1
4898 3842 1
2273 417 1
4968 387 1
4901 970 1
803 3573 1
11 2294 1
3821 2851 1
1394 281 1
575 1864 1
232 447 1
2036 2548 1
1864 4390 1
54 749 1
4270 4918 1
3601 174 1
4898 3459 1
4988 2069 1
3201 1861 1
397 4913 1
367 4128 1
1627 1478 1
422 3870 1
3921 1763 1
2649 2936 1
1059 1274 1
3580 3445 1
1289 4037 1
3112 4737 1
3199 3992 1
523 2126 1
1221 4313 1
4772 4797 1
1023 542 1
3789 939 1
4586 3660 1
1993 1980 1
1241 1828 1
4389 3099 1
642 2471 1
3579 3949 1
4862 2446 1
2701 1379 1
2449 3219 1
1029 2354 1
2776 955 1
1077 4982 1
1626 4282 1
565 2818 1
3635 1586 1
4049 3065 1
3101 4386 1
4257 4951 1
3086 662 1
4391 1089 1
1933 1464 1
3358 4071 1
4255 360 1
278 3717 1
2257 2927 1
3276 4266 1
1154 3557 1
4242 4947 1
1600 1883 1
4554 3510 1
2123 4996 1
145 3906 1
692 165 1
3548 831 1
285 1792 1
3068 2366 1
344 1565 1
4865 3434 1
1578 2761 1
2732 4032 1
65 2086 1
4410 4278 1
4036 4692 1
177 3299 1
3248 4815 1
1219 1540 1
2514 1230 1
2260 3698 1
440 2173 1
369 3891 1
1820 3919 1
3825 352 1
3741 317 1
4988 29 1
3079 2070 1
4829 2373 1
861 2391 1
2051 1327 1
4027 1012 1
2070 102 1
2873 1693 1
481 1110 1
3156 3632 1
1174 2982 1
1587 1737 1
545 814 1
2834 4074 1
4 1005 1
3278 1663 1
4356 1806 1
2261 1085 1
998 2336 1
1221 1308 1
3187 3786 1
4486 2407 1
1245 3138 1
267 3501 1
97 3755 1
3622 1129 1
87 4901 1
2346 887 1
3668 845 1
1298 1195 1
1428 4394 1
460 2980 1
2339 1643 1
2370 4953 1
3663 1205 1
3013 1982 1
2892 4562 1
2755 2218 1
1122 18 1
3963 3545 1
2138 3177 1
2683 962 1
572 3868 1
1128 928 1
4744 3692 1
4186 2765 1
1017 2184 1
771 1672 1
4082 332 1
3540 2432 1
4581 4614 1
4452 3887 1
4990 3723 1
3366 2303 1
3951 4864 1
2097 111 1
4412 3844 1
4322 2958 1
1373 4794 1
119 2172 1
3724 1967 1
2772 2951 1
3629 454 1
2253 2481 1
4769 3610 1
3570 1072 1
486 806 1
2402 1106 1
4685 222 1
2018 4039 1
4832 4766 1
544 3372 1
4199 3182 1
1606 3688 1
1369 3442 1
4282 496 1
1228 4031 1
2404 2170 1
1092 3756 1
4781 1782 1
4445 3478 1
4883 1134 1
516 141 1
2022 797 1
2257 3377 1
477 2024 1
1346 743 1
4692 916 1
1585 1174 1
3616 2050 1
4969 4591 1
2291 1234 1
2720 2835 1
2107 263 1
3471 4674 1
2537 1109 1
1757 4121 1
2018 3475 1
1763 3707 1
1858 3583 1
713 1079 1
4040 1835 1
2105 4198 1
4285 96 1
4249 1196 1
1082 236 1
2911 4777 1
4252 3241 1
2384 817 1
3632 749 1
2507 4929 1
4094 2677 1
4343 3463 1
870 1179 1
4916 3618 1
2408 3108 1
4813 4452 1
3122 4173 1
3047 224 1
