5000 100 4999
22 23 49 204 280 287 317 357 375 391 420 427 455 461 610 618 772 781 825 921 948 969 1022 1027 1147 1239 1260 1269 1327 1374 1385 1411 1459 1577 1727 1819 1864 1940 1977 1998 2155 2199 2295 2313 2495 2499 2537 2551 2553 2591 2629 2683 2730 2750 2760 2769 2950 2952 2956 2997 3015 3103 3139 3151 3152 3193 3207 3231 3261 3349 3373 3413 3544 3606 3609 3633 3693 3796 3819 3870 3920 3938 4061 4065 4076 4092 4247 4249 4428 4467 4468 4565 4608 4637 4644 4683 4770 4826 4882 4947
3991 3762 1
1186 3449 1
2756 3256 1
2817 1625 1
766 3468 1
1907 3797 1
2761 1769 1
189 3846 1
584 4945 1
1658 4494 1
1177 2835 1
2303 2794 1
2872 617 1
956 1554 1
3146 627 1
130 3287 1
4402 2727 1
3162 670 1
1870 1806 1
1964 2242 1
495 3604 1
1568 1194 1
2513 4910 1
2372 865 1
1129 3092 1
4487 3479 1
970 839 1
1051 3121 1
3033 656 1
1610 365 1
3366 2724 1
4472 2201 1
130 2910 1
2451 264 1
1748 636 1
3385 4835 1
4301 1755 1
2154 2323 1
1042 4122 1
1785 4069 1
4305 641 1
2724 3866 1
3055 716 1
4034 3146 1
3790 4726 1
4593 1503 1
1497 1192 1
3798 1476 1
14 2304 1
3998 865 1
490 1049 1
4209 1864 1
4204 1810 1
4849 1017 1
1037 4996 1
140 1 1
2232 3237 1
3917 4495 1
5 2618 1
539 2559 1
2698 1480 1
2968 1094 1
3069 1014 1
3336 761 1
4151 1781 1
521 1936 1
2222 1722 1
4373 1536 1
1036 1897 1
4242 1872 1
356 3786 1
2410 4183 1
1010 1286 1
421 175 1
4440 3322 1
1296 2856 1
3197 914 1
2187 310 1
4364 4740 1
730 4588 1
449 4518 1
4619 1837 1
4852 1356 1
4955 3154 1
1884 2233 1
2761 297 1
3991 4694 1
2908 3956 1
1268 3908 1
2782 827 1
995 4834 1
2706 4425 1
2976 2030 1
369 4247 1
1919 166 1
4137 2422 1
1498 1452 1
574 3341 1
1684 3681 1
1186 3976 1
2760 3932 1
4896 4833 1
3514 3505 1
2791 3748 1
3833 4562 1
4270 2159 1
657 654 1
3769 849 1
1405 506 1
3523 369 1
3929 4829 1
4760 562 1
3597 274 1
3020 1572 1
771 4673 1
4076 2575 1
4556 3130 1
361 3002 1
2668 2570 1
3673 1382 1
2750 740 1
722 543 1
836 1569 1
4104 4398 1
3460 433 1
3963 1069 1
4771 3395 1
2743 4338 1
2496 2280 1
4059 295 1
3703 1833 1
160 4088 1
244 1716 1
3963 226 1
4269 4555 1
3454 4638 1
1602 3859 1
4493 843 1
1605 3934 1
3344 2838 1
47 4079 1
3624 3469 1
4501 3350 1
3595 1584 1
397 885 1
4246 878 1
4265 476 1
4742 3590 1
2357 3471 1
3305 1417 1
3175 3227 1
3837 2369 1
3968 631 1
729 4436 1
881 4511 1
4109 442 1
4654 2432 1
2803 3353 1
2808 2287 1
1591 691 1
1162 745 1
1091 396 1
1460 1544 1
3090 3361 1
1612 2180 1
2006 3979 1
4897 3959 1
3480 986 1
4116 4385 1
4448 739 1
3481 4606 1
3878 2234 1
4262 3726 1
4324 3098 1
4389 3723 1
4480 1712 1
4017 4098 1
2953 2417 1
1337 3256 1
4756 592 1
1112 4078 1
2604 3729 1
4616 2495 1
35 606 1
4604 436 1
3007 2315 1
70 4094 1
3208 1272 1
26 1940 1
2438 4041 1
2772 3812 1
3057 4275 1
1279 3399 1
428 3085 1
770 2861 1
2887 3971 1
3461 4063 1
2256 3257 1
1231 4800 1
711 3023 1
1095 4149 1
2135 4037 1
3391 1933 1
727 3209 1
3501 784 1
2098 4675 1
2621 1683 1
1913 805 1
272 2221 1
4617 2432 1
2085 2639 1
1883 4676 1
4021 211 1
1956 4674 1
4476 927 1
1377 344 1
1578 2405 1
4368 1343 1
3744 2319 1
360 4541 1
3102 2242 1
3892 3940 1
2132 3515 1
486 3503 1
2935 4181 1
4876 602 1
1181 4770 1
1904 1084 1
489 2648 1
244 983 1
1432 4397 1
243 2885 1
2994 906 1
2735 1522 1
3204 3368 1
4247 1120 1
3020 2184 1
2635 461 1
1090 2233 1
2379 136 1
3087 3720 1
1352 3068 1
48 2630 1
2551 213 1
1085 3092 1
1507 170 1
575 1697 1
2646 3670 1
2851 471 1
4236 4106 1
3512 3515 1
1241 3669 1
1138 1977 1
1028 2111 1
909 402 1
1071 2824 1
4444 3899 1
2027 1633 1
3438 210 1
931 3779 1
3909 1111 1
677 95 1
4361 1881 1
3211 2454 1
2788 754 1
3536 1374 1
3930 3471 1
3170 2038 1
2138 562 1
3920 2264 1
3139 2943 1
1772 2011 1
1306 1919 1
952 3923 1
2343 3000 1
1246 2101 1
2047 1903 1
3171 907 1
3642 1694 1
3798 3619 1
4706 2493 1
3148 2068 1
1175 403 1
954 1886 1
3535 2086 1
3616 4035 1
825 230 1
2476 3978 1
4574 1390 1
2113 921 1
2408 3013 1
657 4570 1
1072 2628 1
547 4738 1
2406 1527 1
955 3759 1
4176 1389 1
203 1200 1
466 3072 1
4894 699 1
1577 3514 1
3248 2878 1
1707 1445 1
3574 4298 1
1844 1264 1
4282 859 1
116 4056 1
1484 3524 1
2394 1294 1
4559 508 1
2356 2188 1
3468 518 1
1692 1012 1
541 2337 1
937 16 1
2732 3660 1
4827 3218 1
778 2472 1
3952 3592 1
2817 1491 1
2541 1942 1
3358 792 1
2705 4399 1
3572 2370 1
3649 4047 1
2524 3884 1
1909 2255 1
2523 992 1
3633 2314 1
887 2234 1
2259 1000 1
3687 4494 1
296 4758 1
4066 4185 1
2088 3112 1
1080 281 1
2736 4115 1
2183 889 1
4826 2596 1
3586 4033 1
4601 2890 1
323 3383 1
4820 1542 1
3937 4986 1
3455 1185 1
1163 4255 1
840 4028 1
3938 1893 1
1590 1209 1
2222 796 1
2103 4105 1
1076 1789 1
4199 4221 1
2625 2752 1
1147 2167 1
3449 3037 1
1543 2265 1
875 155 1
1485 1006 1
1430 4142 1
690 4295 1
1454 71 1
4523 3910 1
4655 3034 1
2439 4340 1
169 1387 1
1628 4744 1
4500 3468 1
144 4848 1
2795 4931 1
2549 781 1
3054 156 1
1671 1944 1
1062 2356 1
3900 239 1
1805 3135 1
4913 4375 1
1302 4788 1
4909 1323 1
774 1970 1
1951 2014 1
319 550 1
1579 2574 1
2754 1242 1
3239 2537 1
1675 3346 1
2289 4315 1
1172 2374 1
4860 2294 1
4984 4129 1
266 17 1
3253 1670 1
145 3220 1
3286 3873 1
3177 4765 1
2795 2911 1
1643 1935 1
2784 4095 1
3712 1137 1
3474 4983 1
1340 4025 1
4835 3818 1
3859 1758 1
3176 3032 1
4135 314 1
4389 1760 1
3170 3784 1
4748 4700 1
3003 4991 1
4845 3711 1
1404 420 1
2358 4257 1
164 4645 1
1537 3892 1
2995 227 1
3493 1213 1
4816 4249 1
1081 719 1
3999 3880 1
4944 1135 1
759 1426 1
1605 4076 1
1521 3211 1
1010 1938 1
1003 2838 1
3609 4963 1
1971 1274 1
1905 4282 1
3808 2129 1
3914 2513 1
3420 3154 1
227 2044 1
2724 4586 1
4390 1920 1
547 3467 1
63 2666 1
3907 2902 1
3034 1200 1
3385 3417 1
2821 638 1
3719 3675 1
65 2713 1
3510 4427 1
1246 639 1
74 2244 1
3196 3659 1
4848 2040 1
3568 4174 1
3248 1752 1
168 1350 1
4865 2076 1
2506 2498 1
1750 1326 1
3260 1354 1
3652 2069 1
1626 4326 1
3138 23 1
1476 2424 1
426 1708 1
146 525 1
277 1158 1
4230 2786 1
4559 4254 1
4778 4986 1
4570 3502 1
433 1300 1
138 789 1
1379 1569 1
1780 1213 1
3248 932 1
2174 4048 1
2175 4982 1
2753 4029 1
1653 2092 1
2983 1276 1
1460 2353 1
4133 4170 1
3991 4351 1
3228 735 1
1656 1147 1
1478 3717 1
4409 1048 1
3994 4948 1
635 2823 1
187 751 1
2165 2190 1
196 1448 1
982 4123 1
4244 184 1
2573 1647 1
2605 2551 1
3874 2258 1
879 4897 1
1297 308 1
2274 4745 1
4320 4700 1
249 520 1
4280 1609 1
4008 2587 1
3275 2310 1
3682 4955 1
774 4171 1
1626 1898 1
675 4111 1
3562 2163 1
1756 2374 1
671 3142 1
3907 2526 1
2207 3923 1
4028 2796 1
11 1730 1
571 2750 1
1155 3645 1
1261 324 1
4097 1908 1
4080 3696 1
369 3922 1
1040 2243 1
4232 509 1
4851 333 1
3538 2118 1
3573 3629 1
2898 204 1
4486 2752 1
2002 1346 1
859 1389 1
2273 1027 1
1138 2203 1
4803 4179 1
3587 2270 1
4861 543 1
650 2091 1
3853 1781 1
4623 4799 1
4821 3307 1
1608 1806 1
4152 1120 1
258 2098 1
776 1267 1
2692 2614 1
4858 3722 1
4946 2525 1
154 4921 1
4551 2158 1
4856 3996 1
1745 380 1
2848 800 1
4495 412 1
1928 760 1
719 4474 1
4316 987 1
3939 617 1
3100 2613 1
1644 909 1
3897 1132 1
7 1207 1
4839 3023 1
984 4081 1
4530 344 1
652 2413 1
3042 1223 1
3566 341 1
1728 4248 1
696 609 1
1108 349 1
3464 3927 1
1246 1395 1
4583 538 1
4741 3166 1
1023 3703 1
2812 4537 1
4410 803 1
539 1471 1
3933 3300 1
564 1338 1
1704 1976 1
4860 3303 1
4117 1193 1
2737 3174 1
3069 2901 1
4130 4391 1
4573 2528 1
3761 640 1
446 349 1
1042 3131 1
4961 2136 1
4493 1516 1
624 2452 1
858 4625 1
3962 540 1
3801 3414 1
1795 1900 1
2395 788 1
2696 2996 1
4322 2642 1
851 4662 1
550 481 1
4699 3126 1
2689 3963 1
2323 2421 1
2264 636 1
230 179 1
2047 4601 1
1355 4286 1
2069 2886 1
3070 3518 1
4668 1143 1
817 4698 1
2577 1519 1
364 1314 1
1220 4831 1
630 2429 1
1311 1992 1
1690 1433 1
2363 2680 1
4609 161 1
1797 3861 1
494 2494 1
3383 552 1
4679 3734 1
4059 1529 1
2197 4395 1
128 4451 1
4111 399 1
3171 3650 1
4442 3326 1
4232 3549 1
1421 2659 1
1089 1660 1
4100 1106 1
3919 3030 1
2942 1247 1
1507 892 1
3402 2253 1
2739 3821 1
3437 903 1
2953 1568 1
3804 658 1
1226 582 1
123 1444 1
3559 4374 1
422 2428 1
4902 4017 1
3783 2437 1
4159 1093 1
947 3974 1
2459 4228 1
2867 1678 1
673 915 1
4102 2119 1
3557 375 1
4204 958 1
3441 170 1
2961 2709 1
2217 2662 1
4403 292 1
4433 1072 1
4000 4775 1
4317 705 1
3404 2449 1
1026 4388 1
809 3312 1
2643 2992 1
923 3791 1
1036 963 1
4236 1124 1
4420 1133 1
4099 479 1
11 1629 1
2146 437 1
4091 4977 1
178 3080 1
4935 924 1
1587 3354 1
524 3817 1
3240 1023 1
2825 523 1
2770 3086 1
2730 2525 1
1137 232 1
1488 4602 1
4249 1059 1
346 1760 1
1441 4676 1
278 4096 1
20 2109 1
4909 2345 1
2669 1004 1
1606 840 1
602 1139 1
986 349 1
3422 1345 1
2121 3280 1
597 2425 1
3024 71 1
4015 3792 1
3344 1637 1
4532 935 1
174 3692 1
885 1633 1
2935 1585 1
3380 3323 1
4548 3940 1
2114 1736 1
4635 3180 1
2212 4235 1
2341 4004 1
1429 3188 1
2993 384 1
1771 2764 1
4710 4232 1
367 1677 1
4207 803 1
3565 1957 1
49 588 1
591 344 1
639 3443 1
377 1123 1
2349 2279 1
2187 960 1
1674 1397 1
4415 536 1
4490 1362 1
2039 3722 1
4413 1465 1
496 2945 1
3314 1879 1
2185 2052 1
2954 4983 1
4737 1788 1
2090 1494 1
898 3007 1
1828 1166 1
1841 1696 1
286 1070 1
3451 1620 1
126 3406 1
2246 4165 1
1667 456 1
287 557 1
2686 4208 1
2836 394 1
2064 4328 1
4735 2048 1
63 3649 1
3766 3097 1
356 4665 1
4786 1318 1
3090 2735 1
1487 1771 1
3522 4745 1
821 562 1
1100 2127 1
463 4806 1
2511 1427 1
2664 1661 1
2089 1287 1
4908 575 1
4919 2124 1
437 3688 1
4138 3489 1
703 95 1
4278 4679 1
1168 3913 1
875 3417 1
3871 930 1
82 2333 1
3662 4183 1
4144 1240 1
1556 101 1
3373 4610 1
2899 987 1
4284 674 1
1578 3904 1
3148 3794 1
1963 2623 1
3364 2252 1
1020 1966 1
4307 1120 1
3068 1571 1
3412 684 1
3628 4571 1
550 4712 1
4207 3580 1
4414 1775 1
971 265 1
511 4010 1
4291 1502 1
1440 2192 1
1053 2259 1
1285 4613 1
1366 2781 1
954 3870 1
449 1639 1
2025 1142 1
3350 1583 1
704 4648 1
4368 2077 1
2389 1072 1
2392 4538 1
981 4559 1
3891 3426 1
3051 2450 1
2413 1612 1
2002 4739 1
3930 3760 1
3780 3927 1
1059 436 1
4280 3530 1
242 2036 1
1110 2964 1
4877 1830 1
3804 462 1
682 1989 1
4273 2112 1
4665 2287 1
781 2079 1
3893 2777 1
1800 3891 1
3908 1778 1
3045 4833 1
153 84 1
3553 4109 1
2877 1467 1
3241 3258 1
445 782 1
1359 4026 1
3097 1652 1
4906 4677 1
816 3914 1
1860 2706 1
4478 2316 1
271 305 1
3436 3520 1
3313 1238 1
3352 3233 1
3081 1106 1
3647 4541 1
1614 2642 1
974 3732 1
2212 3529 1
1105 2476 1
1718 4210 1
4876 1876 1
2438 4324 1
678 4587 1
4251 4762 1
1731 198 1
264 2533 1
663 2087 1
1458 2325 1
4990 4851 1
313 3209 1
3914 4325 1
53 3487 1
577 3332 1
1572 659 1
4673 4935 1
1261 3058 1
3601 2053 1
3834 109 1
4811 2484 1
1633 3276 1
718 2411 1
959 1613 1
3017 3320 1
3979 3710 1
4141 3165 1
1943 4616 1
2168 4709 1
1821 340 1
548 3129 1
1928 152 1
91 4489 1
2005 1423 1
2712 4264 1
980 472 1
4041 3581 1
664 1855 1
4795 2702 1
59 1895 1
1982 3392 1
2524 2110 1
2277 4438 1
715 3787 1
1616 3380 1
4465 3770 1
4796 1673 1
2472 2739 1
363 2785 1
4982 2289 1
3419 4260 1
141 4482 1
4223 2147 1
3801 1934 1
2866 25 1
4048 2339 1
903 4913 1
4407 4797 1
4944 2678 1
15 3730 1
160 4617 1
49 2832 1
3899 2541 1
2368 1447 1
1573 3990 1
3998 3844 1
1807 4413 1
536 3003 1
1197 2185 1
920 1704 1
273 1425 1
1912 1363 1
1408 3913 1
4462 3308 1
1875 3034 1
3372 2270 1
4357 4006 1
947 1882 1
1912 3154 1
2459 4202 1
4658 3758 1
1993 3477 1
4801 270 1
2400 2596 1
4166 2670 1
3174 4150 1
4253 807 1
4923 4105 1
4259 3141 1
117 1089 1
2967 417 1
4929 1802 1
1170 1316 1
3225 205 1
201 3289 1
688 786 1
3395 1867 1
4508 2329 1
4846 4528 1
1001 1555 1
135 2646 1
3617 440 1
3247 3017 1
3603 4125 1
3637 4193 1
3199 3634 1
3979 1733 1
295 3669 1
3326 2685 1
1717 1859 1
4163 642 1
987 4817 1
3605 4994 1
467 2458 1
62 2827 1
408 2711 1
3168 3595 1
1368 2781 1
4954 2037 1
1178 296 1
1279 4329 1
4015 3446 1
394 1914 1
4210 4903 1
4732 991 1
3342 2200 1
642 956 1
434 410 1
1737 2440 1
2211 3161 1
145 3746 1
1641 3664 1
4976 1958 1
286 2282 1
3304 2629 1
4037 893 1
160 1203 1
1876 3608 1
1482 2405 1
2491 3558 1
4364 878 1
2925 337 1
2522 4296 1
4728 203 1
3264 2163 1
1923 4654 1
4136 3342 1
2973 4301 1
2616 2074 1
3728 33 1
3111 2034 1
2005 2322 1
2608 2191 1
2353 122 1
3742 354 1
756 1799 1
2391 3776 1
830 1342 1
957 3171 1
4975 4340 1
2840 4288 1
2778 3947 1
4106 2850 1
1325 907 1
434 2567 1
1219 3777 1
2701 3925 1
3946 2359 1
2936 2071 1
3625 2171 1
4381 4784 1
3522 655 1
3830 3768 1
559 2024 1
3109 4554 1
1038 3766 1
1330 3754 1
646 2499 1
3713 1788 1
2767 1470 1
4971 1474 1
3543 3477 1
4325 3059 1
3785 3219 1
2335 589 1
2507 2990 1
3342 4722 1
3422 1932 1
4051 182 1
566 379 1
2439 2202 1
4160 4014 1
1583 4332 1
569 2595 1
4598 1192 1
2571 929 1
907 2707 1
3712 3305 1
2098 2485 1
732 4976 1
826 4159 1
3356 1881 1
4023 1691 1
810 317 1
993 4045 1
305 4224 1
4033 2499 1
3708 4178 1
4936 892 1
166 3790 1
1469 1072 1
2637 4555 1
2313 2381 1
2940 3267 1
2877 2146 1
3908 1024 1
1817 2300 1
4960 3646 1
3216 1375 1
1188 4385 1
3447 2185 1
3180 4195 1
4615 47 1
775 430 1
4540 4701 1
4767 82 1
634 3068 1
1814 3297 1
1579 2087 1
1635 4725 1
2510 1994 1
818 2133 1
3133 2197 1
375 225 1
669 2349 1
2086 3274 1
3699 2433 1
4614 505 1
320 4885 1
2384 3262 1
4042 2858 1
625 4217 1
100 4973 1
403 453 1
2399 3530 1
4232 4121 1
2646 1680 1
3578 3778 1
2067 4034 1
3427 911 1
80 2214 1
1917 2986 1
1978 483 1
3452 4682 1
4795 2233 1
360 2761 1
127 580 1
1193 3728 1
1619 1958 1
3431 4919 1
1122 4290 1
2809 885 1
2955 4145 1
733 4714 1
4347 85 1
1071 2515 1
4369 2955 1
4177 427 1
4418 2082 1
227 1409 1
4072 564 1
2224 2952 1
2769 1008 1
2192 3461 1
771 3410 1
4208 3947 1
3979 2308 1
945 412 1
4376 2441 1
301 714 1
3369 309 1
1666 3339 1
3403 4886 1
2228 4756 1
2073 3782 1
2926 1006 1
2976 686 1
930 4013 1
3974 3621 1
4251 3198 1
1527 3263 1
3138 2974 1
388 496 1
4815 1909 1
1217 4450 1
511 2946 1
2037 3407 1
2522 2679 1
2291 1039 1
2001 269 1
893 3450 1
4218 3992 1
325 2728 1
1185 3393 1
4044 33 1
2581 247 1
2367 1558 1
3511 828 1
1182 2474 1
1862 4028 1
16 2139 1
4339 3108 1
4457 3802 1
3531 2159 1
2956 928 1
3611 4486 1
2652 3437 1
4263 4650 1
4972 4201 1
2651 2839 1
1700 2581 1
4640 3953 1
3060 2430 1
3041 4215 1
2454 662 1
4721 4055 1
2122 4832 1
3051 2056 1
4550 1956 1
737 3067 1
1100 1119 1
3143 3501 1
3278 1855 1
4483 3890 1
1941 3584 1
2699 96 1
4975 3655 1
34 2996 1
2243 1239 1
341 3044 1
3425 3471 1
4588 2835 1
2725 1107 1
99 4336 1
489 4357 1
4537 3432 1
481 1248 1
1434 30 1
2519 2644 1
1252 4080 1
4020 1882 1
1775 1071 1
4720 3621 1
398 354 1
1355 4856 1
4455 4575 1
925 2511 1
3694 1965 1
2210 3022 1
2486 3829 1
388 4342 1
3360 404 1
4296 1972 1
1553 620 1
4643 3890 1
3428 2496 1
3627 3006 1
2918 4724 1
1848 497 1
91 1805 1
1413 3994 1
3256 3166 1
4564 1307 1
4311 3800 1
3975 1020 1
2301 2917 1
3400 1631 1
2987 420 1
956 4314 1
3342 751 1
3048 2651 1
3120 989 1
1950 567 1
4278 2424 1
4734 2524 1
4372 1864 1
945 3342 1
2232 86 1
2671 1538 1
4853 1995 1
573 4860 1
720 2115 1
3175 831 1
4426 2427 1
393 1899 1
637 1515 1
298 601 1
857 2923 1
1347 2530 1
1742 2483 1
1307 1477 1
78 3714 1
3937 3298 1
392 3394 1
2133 1275 1
3579 356 1
4746 643 1
3463 4404 1
2224 1520 1
473 2309 1
1524 4762 1
1462 1521 1
3632 3103 1
1754 1517 1
4787 148 1
3805 2860 1
3307 4305 1
2532 607 1
949 2173 1
1393 1154 1
852 4485 1
1599 2155 1
1363 671 1
4218 3202 1
4678 2536 1
1643 3723 1
4178 2980 1
1490 1971 1
2262 1468 1
2897 95 1
1572 1694 1
2649 1688 1
5 1345 1
158 2160 1
2943 1250 1
1853 4840 1
3934 411 1
795 681 1
2421 63 1
4189 377 1
63 3465 1
946 2589 1
1861 2641 1
4928 4880 1
1644 4707 1
2854 2553 1
1385 2519 1
2321 493 1
1040 2694 1
3430 697 1
3461 2683 1
1966 2247 1
1645 4723 1
2593 2571 1
3553 2740 1
1576 1046 1
2487 3451 1
3495 2362 1
4408 3168 1
3027 3490 1
2297 65 1
2461 3911 1
2435 2773 1
4123 3226 1
2689 398 1
665 969 1
1974 391 1
221 1321 1
2205 3482 1
2126 2668 1
4949 3804 1
919 3284 1
3127 1713 1
2986 3066 1
4516 1299 1
4695 878 1
3085 3703 1
2743 488 1
4444 754 1
1809 3880 1
4086 779 1
178 3339 1
369 4687 1
432 1827 1
2324 3200 1
4551 2611 1
2698 1628 1
3826 4792 1
4758 1136 1
1269 51 1
4471 1533 1
1994 4688 1
2335 1290 1
1565 1883 1
798 3294 1
2374 3935 1
3185 2642 1
143 3019 1
2244 1496 1
3170 2526 1
4289 1444 1
811 610 1
793 1499 1
168 4082 1
1225 3357 1
4138 2206 1
3329 3712 1
3314 1569 1
483 2536 1
4717 2200 1
2292 4854 1
2884 4 1
4924 4755 1
2607 1924 1
1750 653 1
1332 1115 1
3071 2792 1
1151 3906 1
3165 3852 1
1870 2874 1
396 4552 1
4443 56 1
3589 4394 1
2012 3941 1
81 3852 1
4268 2578 1
521 2744 1
215 4019 1
2245 1931 1
1798 1557 1
1326 1781 1
1424 1086 1
321 940 1
2073 2455 1
2974 1002 1
2591 3367 1
1315 2806 1
647 977 1
4378 4284 1
895 3802 1
2473 4613 1
1276 3091 1
2834 91 1
3829 2133 1
4150 4815 1
4277 4481 1
4766 263 1
4694 1592 1
3093 3644 1
317 263 1
4329 3379 1
3478 4070 1
3397 1638 1
1555 2589 1
1926 678 1
1293 3426 1
1719 1104 1
3711 3351 1
3592 592 1
2256 2815 1
3334 3718 1
4440 713 1
4635 1669 1
297 3791 1
2477 3866 1
1774 4553 1
4854 264 1
237 74 1
539 3842 1
4653 1652 1
3395 4686 1
573 1231 1
3977 4313 1
345 413 1
3088 4257 1
4767 3321 1
2902 2789 1
1452 1741 1
1904 3107 1
2339 886 1
1250 1793 1
1699 2142 1
2620 4204 1
2465 2318 1
408 3188 1
1027 3704 1
4141 1650 1
207 4763 1
2392 3306 1
3928 2063 1
2151 303 1
3548 414 1
2456 3479 1
4445 666 1
4410 1628 1
4449 4032 1
2823 2950 1
4555 977 1
3408 4018 1
3796 403 1
3918 3691 1
4850 1721 1
3674 3099 1
776 88 1
3246 1954 1
2975 1066 1
3925 815 1
1009 2685 1
3650 2223 1
943 2003 1
41 669 1
4156 2345 1
3190 644 1
3015 542 1
1834 2485 1
2360 1948 1
1680 710 1
2373 2327 1
1250 4831 1
4112 1767 1
1011 3419 1
2647 400 1
2000 3873 1
2125 4949 1
2423 1837 1
3471 1449 1
1104 2332 1
2468 335 1
2052 464 1
318 4743 1
1985 4369 1
3896 4619 1
3529 2470 1
2040 1324 1
1137 2580 1
4703 4142 1
2081 2129 1
3885 1493 1
467 4968 1
3055 549 1
431 2684 1
4669 2994 1
3356 1324 1
3620 1233 1
1814 4166 1
4872 3046 1
8 2543 1
1383 4349 1
2036 3784 1
3597 1478 1
535 4083 1
1363 304 1
3627 4598 1
218 795 1
1232 3009 1
1361 3270 1
57 1854 1
1058 1122 1
3548 2279 1
1892 4188 1
4673 968 1
4969 1879 1
1195 1140 1
1262 3507 1
2184 4863 1
4600 1579 1
2909 4980 1
1582 4332 1
3031 2634 1
736 1029 1
3261 477 1
1223 577 1
3146 340 1
4299 800 1
2855 1936 1
2711 4173 1
2967 4912 1
2925 1662 1
1780 1519 1
4411 883 1
4372 351 1
538 4610 1
4708 4576 1
1885 937 1
576 2172 1
1406 592 1
2020 479 1
2568 4499 1
1703 3099 1
2816 3131 1
4326 4446 1
4839 2386 1
1213 3745 1
4672 1046 1
487 3828 1
760 1719 1
4514 1009 1
1869 1718 1
463 750 1
1334 2023 1
4032 1552 1
4756 2635 1
2304 4793 1
4550 2003 1
45 1292 1
511 2879 1
2655 4815 1
4506 4791 1
800 1176 1
4716 780 1
189 4596 1
4329 3659 1
1045 1927 1
4549 4925 1
910 119 1
3696 3251 1
1642 2329 1
116 4154 1
4509 4222 1
4400 555 1
3101 2674 1
3523 3863 1
4005 3028 1
3300 2083 1
2847 4125 1
4017 2248 1
1796 1666 1
284 4502 1
1939 4536 1
4184 459 1
1292 3124 1
2731 3341 1
4446 1310 1
2916 3189 1
4639 3893 1
2131 2479 1
2417 12 1
476 3902 1
4652 2447 1
201 503 1
2046 202 1
2658 1054 1
2691 3815 1
4128 2588 1
2478 2539 1
3261 4583 1
3584 1943 1
3551 19 1
2431 3313 1
392 3888 1
2574 2266 1
478 3395 1
4027 3482 1
2988 4161 1
1226 2445 1
2860 4307 1
3996 182 1
3347 3756 1
1315 2759 1
4862 2682 1
4162 3183 1
4791 4167 1
351 681 1
3321 1971 1
3038 4362 1
4460 1262 1
826 4451 1
674 4091 1
916 3133 1
452 3198 1
3711 2514 1
2182 2339 1
2304 3750 1
2991 2768 1
3197 4835 1
3771 2169 1
2049 1302 1
2909 1641 1
1937 1236 1
2467 4682 1
4390 2060 1
2331 4805 1
1535 4535 1
51 3755 1
3206 2093 1
338 4890 1
4969 3393 1
670 1209 1
2506 1791 1
3355 1691 1
4240 4376 1
2857 1490 1
3787 4915 1
3770 4992 1
1263 321 1
2853 1922 1
1885 2084 1
3541 2638 1
3127 3771 1
2444 1764 1
4632 130 1
2434 3309 1
2113 4325 1
2418 3915 1
2626 2117 1
1191 2704 1
3497 3697 1
2545 3481 1
3223 2191 1
725 1635 1
4938 3107 1
245 2996 1
392 2157 1
2969 2518 1
2271 3944 1
3728 2556 1
383 1732 1
4455 844 1
3963 3029 1
4101 1159 1
1796 4657 1
1761 4541 1
307 4568 1
1511 3960 1
3757 3675 1
4436 900 1
1350 983 1
4093 3562 1
3689 2033 1
2607 2038 1
4630 4132 1
1792 3613 1
2078 66 1
667 2787 1
2082 4232 1
1271 239 1
4162 3747 1
4642 1 1
343 2978 1
1302 4241 1
3082 3381 1
4031 4380 1
2317 1484 1
439 3702 1
3445 21 1
755 429 1
2591 1174 1
2045 4743 1
1410 1677 1
3362 4039 1
3659 3733 1
4215 4161 1
2284 1635 1
3889 1943 1
1752 2601 1
4020 545 1
955 4367 1
872 2584 1
3428 1085 1
1625 4213 1
1992 4504 1
964 1728 1
4998 74 1
1859 953 1
4726 1856 1
3472 4732 1
2949 2497 1
4304 4149 1
573 4214 1
1435 3930 1
1008 2873 1
3092 1394 1
1611 322 1
2610 2546 1
3937 4011 1
3150 4036 1
1967 2324 1
597 559 1
2563 1494 1
1201 2386 1
607 3903 1
3367 4305 1
4913 2560 1
4194 2564 1
1531 4704 1
1702 3291 1
3841 3887 1
2744 2762 1
3491 4339 1
1939 1593 1
359 2530 1
255 589 1
4621 3624 1
2072 1196 1
1109 98 1
865 2754 1
3833 1311 1
2349 2049 1
1344 2394 1
2612 3959 1
4355 298 1
4919 4324 1
3945 2132 1
1274 4231 1
2028 4819 1
270 4588 1
1011 2688 1
4747 4219 1
4620 4592 1
797 2394 1
3749 2835 1
579 2505 1
769 3585 1
3799 4794 1
4608 339 1
1324 3789 1
3300 3648 1
2469 1348 1
4565 4662 1
1705 2770 1
2409 3290 1
2613 2889 1
407 3114 1
1671 3324 1
4289 1822 1
4660 3178 1
510 2163 1
1754 1802 1
1724 3856 1
2490 3115 1
1635 342 1
2303 1243 1
1733 4570 1
357 553 1
3605 2882 1
2059 501 1
534 993 1
1032 1351 1
1192 3519 1
531 508 1
4450 2789 1
1159 2249 1
4854 1114 1
1304 4455 1
685 2995 1
209 36 1
3318 1303 1
2334 2237 1
645 4580 1
4117 522 1
2535 728 1
4527 4118 1
966 4240 1
2615 2446 1
794 548 1
191 4364 1
2157 290 1
4563 1038 1
3099 332 1
666 4327 1
4211 3498 1
494 1472 1
4191 2264 1
2123 2187 1
103 3540 1
3905 2461 1
1785 208 1
2095 473 1
1451 3995 1
3106 4900 1
4644 3076 1
4677 3760 1
1140 3551 1
2925 2395 1
4930 2950 1
4126 3163 1
1195 1303 1
1369 6 1
1305 1016 1
1403 3913 1
1007 1966 1
1351 1343 1
896 699 1
520 2044 1
3709 4810 1
4947 2749 1
695 3844 1
3982 319 1
2585 294 1
3177 1311 1
3949 2046 1
4121 1080 1
1818 4146 1
3138 4323 1
1110 227 1
4814 2962 1
2916 1630 1
1988 1830 1
4489 1025 1
3660 3759 1
1901 400 1
4371 2552 1
2700 4827 1
3051 2942 1
2985 2151 1
2509 4917 1
1543 3372 1
192 3363 1
1189 2153 1
3588 3630 1
408 4251 1
4614 2932 1
2152 2552 1
3503 1499 1
3554 2628 1
4649 2520 1
3437 2697 1
3242 2040 1
1092 2918 1
1528 4033 1
3752 938 1
2607 4087 1
3138 3912 1
1320 3137 1
3336 1180 1
972 4233 1
4065 2699 1
2747 4472 1
4613 4397 1
2268 1407 1
3479 526 1
3914 4483 1
4841 41 1
1949 1060 1
1489 4381 1
840 247 1
1982 3266 1
1036 429 1
2355 4227 1
13 2935 1
4252 2909 1
4306 1167 1
748 2336 1
2290 1232 1
3332 4844 1
1949 1895 1
956 3032 1
2488 86 1
450 256 1
857 1795 1
4031 301 1
3756 1663 1
2236 1641 1
3828 2550 1
2119 3715 1
40 1827 1
3427 3152 1
1322 4932 1
1665 2241 1
2141 860 1
4164 2710 1
2275 2571 1
1811 3854 1
3149 4466 1
3721 3604 1
3652 2019 1
4524 4811 1
137 4346 1
376 170 1
186 377 1
1475 2725 1
2714 4445 1
4557 2108 1
868 788 1
4247 2756 1
2174 279 1
260 578 1
1295 3432 1
2079 2785 1
2480 664 1
3490 3349 1
635 471 1
4146 4685 1
97 4939 1
986 2636 1
831 4966 1
4265 3919 1
1675 790 1
1536 2710 1
353 3336 1
2581 2009 1
1860 931 1
1213 3243 1
2111 1455 1
4646 1546 1
401 1182 1
4054 1078 1
774 3677 1
1673 1528 1
1358 1085 1
1739 2786 1
4958 3270 1
2191 2104 1
3683 3902 1
2958 740 1
4869 78 1
910 4383 1
583 2587 1
2733 516 1
4997 2944 1
1874 4043 1
2432 3641 1
4886 2024 1
2779 4118 1
4393 656 1
4247 1354 1
753 4718 1
158 1157 1
1930 176 1
2061 947 1
3570 2989 1
1060 3201 1
1574 4445 1
1983 1937 1
425 2070 1
1589 3625 1
4607 2829 1
3704 2345 1
4277 1486 1
4830 1652 1
1384 3694 1
3989 125 1
1440 4547 1
4833 3893 1
671 2950 1
3084 2151 1
3191 4573 1
3728 2119 1
954 2672 1
1990 540 1
2405 4120 1
1649 2556 1
111 2346 1
2933 204 1
793 1857 1
3378 2734 1
3098 2161 1
4666 2197 1
2500 2805 1
1679 3011 1
1175 1271 1
848 638 1
4130 4962 1
1881 2378 1
3352 4478 1
792 4350 1
1420 2229 1
2338 54 1
74 743 1
4761 3625 1
1061 27 1
3144 3134 1
470 1932 1
1113 822 1
3125 2430 1
1848 469 1
3858 4358 1
4632 400 1
3741 4736 1
97 2041 1
1458 106 1
3046 272 1
1089 2776 1
2917 4697 1
3506 3192 1
2993 2609 1
4518 3967 1
2542 3192 1
4953 1485 1
1136 308 1
4264 1388 1
1954 4769 1
3971 4744 1
4891 61 1
1509 3322 1
4482 3980 1
3451 2138 1
3563 1509 1
1412 3359 1
2929 1534 1
2663 4714 1
364 667 1
1633 4259 1
469 2977 1
4111 83 1
924 4114 1
534 3692 1
1380 3615 1
3792 1469 1
471 3122 1
292 1511 1
1170 2369 1
2265 1676 1
1627 3050 1
4997 1453 1
22 1685 1
1715 1580 1
3195 305 1
2690 1442 1
2401 378 1
1582 4883 1
3533 4498 1
897 4626 1
4798 3838 1
3590 3564 1
3440 4575 1
2070 3572 1
1265 3928 1
4579 3944 1
2217 4203 1
4393 4438 1
2735 1654 1
4228 1664 1
1219 2816 1
2889 1681 1
2102 4899 1
267 183 1
545 1925 1
1532 3732 1
118 4794 1
1964 2960 1
2611 825 1
2670 1418 1
3365 2854 1
2566 2921 1
1304 1466 1
4335 482 1
2476 3561 1
4313 2091 1
1956 3500 1
4687 1634 1
3846 973 1
2802 267 1
4804 908 1
4612 2251 1
3150 3817 1
2745 513 1
2137 4130 1
2705 1222 1
180 1855 1
261 1321 1
2083 1876 1
895 277 1
2061 2829 1
4882 1345 1
4424 4384 1
1750 707 1
4842 146 1
3525 4293 1
424 1172 1
4212 455 1
306 1865 1
1921 1003 1
705 2582 1
3251 173 1
1208 3525 1
1678 401 1
3012 2196 1
3992 1332 1
4340 551 1
5 1255 1
680 4699 1
4071 4913 1
77 2532 1
3508 3591 1
3079 4663 1
4817 3605 1
4514 1205 1
2310 2297 1
580 4279 1
4691 4139 1
4297 3871 1
1356 4187 1
1780 611 1
330 1122 1
4897 4881 1
2531 206 1
1823 416 1
2815 1506 1
2746 3184 1
197 4823 1
4103 754 1
1530 4627 1
4319 4492 1
2489 1383 1
4500 3293 1
112 1474 1
2748 844 1
1237 2413 1
1411 4651 1
1999 3146 1
2227 3847 1
3879 3285 1
4507 1059 1
4861 581 1
3667 2763 1
3752 1934 1
425 2310 1
3635 405 1
3401 3433 1
3689 1110 1
811 4073 1
1505 1915 1
3362 71 1
78 3737 1
3721 4352 1
2862 1053 1
3569 1546 1
2530 1998 1
4541 1800 1
988 940 1
4435 624 1
4043 389 1
4522 1877 1
486 2469 1
493 4050 1
4974 153 1
3916 2014 1
2234 3616 1
2419 204 1
2729 3596 1
2308 2475 1
94 1751 1
660 2350 1
157 4833 1
985 1292 1
2141 2931 1
4584 1178 1
1409 1591 1
2601 2212 1
2376 2134 1
1561 1448 1
2872 4106 1
3624 4503 1
1328 511 1
3676 959 1
1888 4904 1
779 3227 1
3 2049 1
940 2390 1
252 4858 1
211 1844 1
448 4537 1
680 1483 1
4523 1293 1
4748 4444 1
1405 4226 1
4443 3239 1
1892 2965 1
3473 374 1
283 2732 1
2674 1450 1
2996 1125 1
904 4613 1
921 3701 1
482 2213 1
290 1779 1
1807 3310 1
398 4911 1
4333 1758 1
1261 3663 1
3382 2891 1
2229 4154 1
4393 3049 1
1460 1921 1
4188 2665 1
955 61 1
3492 4177 1
268 4346 1
3141 2833 1
4750 1366 1
2068 2443 1
744 4885 1
4270 672 1
1912 7 1
5000 4513 1
2109 732 1
3483 2954 1
3408 2949 1
1695 4664 1
3495 2283 1
3948 3346 1
3489 832 1
3402 2650 1
1914 1813 1
3400 1102 1
1431 2924 1
4553 586 1
2841 19 1
3599 4919 1
2481 3917 1
4439 852 1
4755 150 1
4162 1984 1
2194 3947 1
4966 3970 1
1387 3585 1
4240 4003 1
3019 2810 1
2741 783 1
854 116 1
4206 4667 1
4696 484 1
795 556 1
3765 4710 1
473 4639 1
2143 77 1
648 2461 1
4567 3206 1
2139 3954 1
1746 3148 1
935 632 1
4929 3845 1
245 3026 1
284 1057 1
4874 4261 1
855 3853 1
4987 133 1
3252 686 1
3264 1829 1
2011 4622 1
291 605 1
1987 4996 1
2804 1978 1
3660 4888 1
673 636 1
3661 3040 1
2908 3431 1
3279 184 1
3085 2121 1
1508 3349 1
3158 3686 1
872 2260 1
2590 1063 1
4754 223 1
1121 256 1
808 3452 1
4872 4422 1
2457 2691 1
3025 863 1
2880 716 1
726 2489 1
2520 1221 1
3616 11 1
4855 4405 1
2839 1714 1
1866 4430 1
1385 2426 1
4026 2153 1
338 207 1
2512 39 1
1866 984 1
1710 3859 1
37 1042 1
4792 1013 1
3659 1594 1
4539 2602 1
651 4602 1
3958 562 1
508 1989 1
1427 4693 1
2723 2781 1
1253 1598 1
4310 2800 1
4225 1863 1
1079 46 1
4149 4353 1
179 2011 1
2716 2007 1
2464 2631 1
4738 3021 1
1366 4238 1
146 1750 1
4761 2564 1
3282 1616 1
396 632 1
4842 1749 1
2485 4527 1
2303 4412 1
3966 2743 1
3594 4894 1
3605 1041 1
1809 495 1
1825 4925 1
141 485 1
2648 2856 1
540 3858 1
558 4521 1
3023 4400 1
4947 4357 1
2544 1678 1
1340 653 1
4995 812 1
4502 4147 1
564 1294 1
2340 4202 1
1304 1782 1
1269 4419 1
3848 2229 1
3387 1795 1
1433 692 1
1012 4582 1
2934 1533 1
2539 4517 1
1667 1384 1
3221 1058 1
104 4813 1
625 3118 1
2256 1382 1
3616 1075 1
139 3863 1
159 3776 1
2697 4215 1
4409 1776 1
4544 4178 1
1947 1372 1
418 724 1
1599 68 1
703 1901 1
989 1424 1
4587 2637 1
419 1146 1
773 2096 1
1300 3849 1
2187 33 1
3474 1251 1
2425 4543 1
3858 2226 1
3411 1384 1
4876 4297 1
2014 864 1
1100 735 1
146 3590 1
3606 1416 1
2783 44 1
2112 2482 1
758 4974 1
3112 171 1
1296 4074 1
675 4091 1
4873 2082 1
423 3813 1
4654 2199 1
2622 1526 1
875 1083 1
2584 4892 1
4562 2892 1
3838 3091 1
3203 3747 1
2503 4295 1
728 1126 1
86 3661 1
2301 792 1
3280 48 1
3110 3139 1
2404 3043 1
165 3986 1
4481 1278 1
1777 1947 1
3881 2597 1
499 4798 1
212 1103 1
1033 2298 1
3901 744 1
3355 3039 1
2875 2914 1
1769 4558 1
4742 44 1
3632 3403 1
1105 3709 1
4877 939 1
4283 1513 1
3951 4431 1
4728 4595 1
911 2184 1
1924 4909 1
565 2433 1
2263 3514 1
7 3454 1
1118 2066 1
248 279 1
368 4258 1
4139 4970 1
3364 251 1
994 2042 1
2101 4636 1
1396 1260 1
4505 4729 1
2963 4476 1
3626 4051 1
427 2506 1
3319 1998 1
1562 2376 1
2065 4989 1
3181 145 1
2539 717 1
1235 1133 1
4095 1592 1
2652 3453 1
2475 4861 1
1770 4864 1
3160 822 1
514 1027 1
2414 670 1
3114 1175 1
1784 2388 1
4983 4680 1
2640 2517 1
2612 3569 1
4440 387 1
3582 1700 1
94 1274 1
2427 1551 1
1764 2549 1
58 3364 1
320 2667 1
2200 123 1
2614 4201 1
3413 3212 1
2141 3227 1
3864 1335 1
60 2726 1
4387 3769 1
4894 1327 1
2619 3473 1
2834 1156 1
3613 1978 1
3736 1057 1
4072 3607 1
1611 3684 1
4835 2680 1
1986 867 1
1668 2131 1
4753 2412 1
2504 4475 1
4807 1089 1
4566 3843 1
4943 1947 1
2094 3730 1
3262 2732 1
4793 2802 1
2338 3209 1
3860 1738 1
4432 4424 1
3409 1605 1
1073 2662 1
3073 4131 1
4382 2672 1
1489 3706 1
1832 1513 1
4720 1218 1
1310 4975 1
3775 1476 1
2404 3533 1
2378 990 1
3705 3380 1
3494 2947 1
3630 79 1
3614 1766 1
2527 4822 1
2357 1427 1
889 4675 1
3193 887 1
1964 1865 1
2924 1880 1
3311 1598 1
1540 1601 1
3374 2522 1
4744 1565 1
98 1215 1
660 2137 1
2656 3493 1
112 1422 1
3236 941 1
3389 497 1
3774 3855 1
2962 2806 1
4932 3538 1
1701 1005 1
4344 4966 1
4317 4127 1
51 1827 1
3019 3589 1
3942 1827 1
1636 279 1
3424 3623 1
4628 2585 1
2547 813 1
3509 2949 1
599 614 1
1710 4894 1
1671 1331 1
3215 2719 1
4018 649 1
4574 4269 1
2387 1660 1
4941 3347 1
2442 2211 1
3196 4365 1
1771 3327 1
3392 1650 1
3481 2525 1
3025 3678 1
3984 3230 1
3708 1361 1
19 3271 1
502 810 1
48 1099 1
2435 4999 1
1241 4783 1
3549 4131 1
3562 1943 1
1738 4542 1
1180 2821 1
1192 3191 1
1330 1603 1
1247 3062 1
2694 3756 1
4189 1828 1
3330 1083 1
4090 4987 1
4537 4165 1
1256 1426 1
898 4476 1
3188 124 1
3130 1763 1
4776 4124 1
4771 2509 1
2471 2113 1
2813 3500 1
25 4029 1
1679 3684 1
1280 4954 1
2207 3295 1
976 2842 1
320 4496 1
913 3667 1
1698 2668 1
392 1846 1
2224 598 1
4382 4363 1
1165 1091 1
687 2661 1
4809 3297 1
820 594 1
455 4337 1
1240 1225 1
1274 1765 1
4035 4571 1
2237 4771 1
1532 3830 1
1107 4046 1
1946 3490 1
4917 2808 1
1159 578 1
2166 1830 1
431 4261 1
3855 4149 1
3748 148 1
4857 2035 1
3579 357 1
3671 3118 1
708 3945 1
4683 441 1
415 475 1
4384 3288 1
4467 4052 1
1908 341 1
2177 4832 1
2021 4253 1
114 2585 1
4804 4542 1
3331 3844 1
1526 1046 1
4016 2909 1
1600 4901 1
613 2925 1
1996 1190 1
3226 322 1
1005 2236 1
3535 955 1
2802 100 1
537 297 1
2233 515 1
4113 1974 1
826 386 1
579 1298 1
2972 98 1
162 2063 1
2001 1092 1
3319 373 1
1269 1604 1
4661 4981 1
3799 1158 1
3159 4816 1
2364 151 1
985 4692 1
4999 2617 1
2186 4734 1
1634 3145 1
2956 517 1
4813 523 1
2209 1702 1
3087 3294 1
2311 1908 1
2898 1808 1
2573 1277 1
3686 3070 1
2208 3332 1
4774 1760 1
701 3939 1
1969 3123 1
142 4379 1
1598 2102 1
872 3929 1
2463 2835 1
3657 3049 1
549 3474 1
2622 4094 1
507 4802 1
4559 1179 1
1520 4477 1
4975 2594 1
1163 1017 1
2758 1415 1
791 1575 1
1242 3620 1
1923 4585 1
1814 747 1
770 2811 1
1532 2217 1
422 235 1
970 1547 1
2722 4321 1
2704 165 1
194 1618 1
1911 1240 1
64 349 1
4301 422 1
2093 3156 1
2387 2420 1
1870 3012 1
4540 2229 1
2702 3484 1
3706 576 1
1280 46 1
2458 865 1
2534 374 1
1707 4751 1
1346 2473 1
3349 1843 1
40 3831 1
559 2890 1
2858 1498 1
2407 2941 1
29 1441 1
4655 4155 1
1160 1654 1
3743 2288 1
3386 3297 1
3187 4412 1
1892 3415 1
3571 1597 1
432 228 1
1063 3167 1
1652 3263 1
1134 1050 1
3132 3437 1
4263 4789 1
2316 3117 1
4544 2854 1
3421 84 1
3404 984 1
2534 120 1
4437 1787 1
3302 3124 1
1813 480 1
4357 3230 1
3724 1562 1
1145 1017 1
3053 4262 1
2691 3641 1
2979 4594 1
467 3199 1
561 3716 1
2895 3693 1
1575 2175 1
4928 2348 1
164 684 1
3680 160 1
4073 4107 1
4061 652 1
1306 1077 1
1794 4509 1
489 2272 1
1507 3955 1
2857 740 1
1289 1723 1
4088 1423 1
740 596 1
1313 2871 1
4024 4215 1
1500 4971 1
4338 2561 1
1521 4020 1
2450 3084 1
3457 4234 1
290 4682 1
739 3557 1
3614 4358 1
3187 3213 1
3348 1138 1
1091 933 1
4559 1607 1
84 1336 1
3867 3485 1
2592 2891 1
3516 2424 1
2245 1475 1
767 3330 1
4806 1018 1
813 4727 1
224 3370 1
3898 1447 1
600 2354 1
2078 438 1
1978 3695 1
845 1844 1
3750 830 1
3495 959 1
1949 1877 1
1701 527 1
1130 3963 1
2192 802 1
4882 1100 1
4417 2821 1
4421 1516 1
2219 2265 1
279 1319 1
1144 1824 1
3900 795 1
286 3671 1
1648 1931 1
2886 2959 1
517 2587 1
2735 4624 1
3853 570 1
3659 1416 1
1043 1258 1
1460 535 1
1981 1749 1
1018 1964 1
1920 3382 1
1221 1447 1
2330 843 1
1333 109 1
4203 822 1
4017 809 1
899 4323 1
3584 2642 1
584 2031 1
3285 1088 1
2653 3859 1
2317 3018 1
623 2058 1
3874 826 1
1784 3059 1
1821 4004 1
113 2894 1
1107 1286 1
892 1015 1
4667 2948 1
860 4292 1
208 1686 1
1419 3882 1
4715 2488 1
3824 3992 1
177 2344 1
242 3244 1
4030 2750 1
2733 764 1
544 39 1
4526 2988 1
1164 3435 1
1739 3849 1
3882 4340 1
838 208 1
4039 3371 1
1807 4732 1
1540 202 1
1473 2017 1
1574 3469 1
589 2371 1
3164 4927 1
2496 2057 1
2795 3663 1
1536 758 1
2720 2339 1
3529 2647 1
4647 1758 1
4930 1421 1
3055 3384 1
1262 874 1
3410 4950 1
1986 1245 1
4896 288 1
3450 554 1
1005 839 1
3022 3435 1
2681 3375 1
475 4295 1
3844 2959 1
158 1632 1
1190 850 1
3186 1871 1
1615 3430 1
2319 3343 1
4617 2766 1
38 2049 1
3065 4730 1
2017 4158 1
1319 4306 1
1364 608 1
2888 3598 1
2148 2731 1
1206 443 1
1141 4491 1
608 2507 1
2573 3172 1
4067 464 1
167 1600 1
3725 3569 1
2182 131 1
2586 1402 1
1382 1199 1
1256 2236 1
1786 4225 1
2912 1105 1
1161 2275 1
3693 316 1
2770 242 1
3314 678 1
3674 2147 1
4783 3926 1
269 1309 1
3352 3708 1
3434 601 1
773 4180 1
3149 1531 1
4162 4167 1
3096 3711 1
1610 1136 1
871 99 1
2342 1892 1
1994 2576 1
3958 2043 1
3893 2121 1
210 2598 1
3624 4922 1
3192 4837 1
4875 1560 1
1988 152 1
3253 1176 1
2687 3487 1
4366 2020 1
1074 4152 1
210 4140 1
4729 2425 1
2293 2435 1
1116 4222 1
1130 1831 1
316 1049 1
3708 3528 1
240 24 1
881 4793 1
3210 169 1
4257 1291 1
1406 2503 1
517 3999 1
10 3643 1
2736 1626 1
2041 978 1
3259 3633 1
2390 4216 1
3667 4823 1
2341 4548 1
4889 917 1
4077 3004 1
194 933 1
3419 4169 1
4687 3811 1
3328 1607 1
4243 1531 1
3573 4949 1
3526 2418 1
35 1757 1
4048 1043 1
212 676 1
4396 1267 1
4324 72 1
1623 880 1
4714 3033 1
1106 870 1
824 3033 1
3552 1422 1
691 268 1
312 3534 1
1244 843 1
4964 4972 1
4374 1588 1
1839 1396 1
2250 2392 1
3643 881 1
2065 2962 1
2055 4016 1
1622 3197 1
901 3546 1
1250 396 1
2778 2801 1
4463 2926 1
3224 3911 1
3964 2026 1
2 4981 1
1839 4668 1
118 4000 1
3762 1803 1
486 587 1
2156 2542 1
3499 1214 1
1473 3333 1
3031 1034 1
4364 3002 1
1022 269 1
3806 2746 1
2989 1081 1
3423 1278 1
2261 465 1
3985 1866 1
380 918 1
685 783 1
4747 2067 1
3214 641 1
1579 2124 1
2910 649 1
2621 3886 1
4473 4950 1
897 2193 1
3396 1807 1
809 3832 1
2857 1734 1
3367 4942 1
4403 3496 1
3523 668 1
4981 3317 1
3909 4273 1
486 2769 1
4119 819 1
2075 3466 1
1012 4828 1
2399 4274 1
1208 3930 1
1743 3973 1
4810 2661 1
1223 4537 1
1848 2057 1
3406 3429 1
1960 3116 1
2399 2881 1
3709 4689 1
1066 717 1
4557 52 1
3377 193 1
592 4785 1
2721 4291 1
2069 580 1
4506 1958 1
780 2093 1
3836 2581 1
2172 2235 1
4419 1659 1
2905 709 1
3854 1012 1
3943 3736 1
4092 1141 1
487 4143 1
4250 4733 1
686 2660 1
125 1087 1
2178 444 1
409 3536 1
876 643 1
1612 4777 1
4375 1908 1
3153 4116 1
4052 2743 1
1062 4986 1
2110 229 1
377 3416 1
2845 4447 1
1349 4637 1
4887 2151 1
96 107 1
4857 3878 1
578 3313 1
1656 3961 1
3325 1365 1
2846 123 1
2633 4884 1
2651 4611 1
4812 3054 1
2843 353 1
4423 3636 1
1651 2332 1
4367 4084 1
3609 2096 1
1833 2336 1
2574 241 1
1878 2790 1
4430 3831 1
3138 4951 1
3725 951 1
278 1223 1
2115 1212 1
4422 2375 1
4709 1986 1
2908 2459 1
4179 1016 1
3056 961 1
2733 2099 1
4133 3883 1
2800 3527 1
1997 1572 1
1408 3767 1
2675 2830 1
993 2455 1
2188 2606 1
3943 605 1
1292 3477 1
1082 1373 1
3504 491 1
3161 429 1
3923 922 1
3113 2944 1
2596 467 1
1266 1488 1
2757 3909 1
4641 4009 1
2924 549 1
2361 1591 1
2249 101 1
460 4800 1
3644 4951 1
1736 4496 1
482 4237 1
533 953 1
4957 1149 1
4060 4842 1
2951 2302 1
3681 1653 1
3909 713 1
509 2664 1
1365 4146 1
4255 1378 1
608 3294 1
942 1994 1
3235 2561 1
4893 692 1
2929 3894 1
2495 4359 1
481 2831 1
345 2172 1
1545 940 1
4847 3355 1
4137 2649 1
3612 2390 1
652 2615 1
612 772 1
375 2864 1
1066 1187 1
4608 1098 1
4128 4285 1
4905 838 1
291 142 1
3983 2328 1
1760 2805 1
1 3509 1
2293 1128 1
3083 725 1
1567 1117 1
386 55 1
2677 2251 1
4769 1136 1
1895 3827 1
4072 2704 1
3711 2690 1
1254 3806 1
3228 445 1
3535 3222 1
3418 603 1
2218 1366 1
1185 2922 1
3823 3896 1
1704 2291 1
4145 972 1
3773 4275 1
1958 4432 1
3093 3164 1
548 4877 1
2605 3822 1
1237 1840 1
4802 3148 1
3086 2016 1
717 3153 1
3509 1790 1
3558 457 1
2524 2849 1
4773 3140 1
1228 2342 1
4759 2841 1
3781 2647 1
1112 4226 1
4043 2171 1
161 2409 1
3631 815 1
3561 1699 1
4062 4051 1
3758 4312 1
1513 1689 1
1629 4318 1
4723 1392 1
4265 2745 1
2957 4475 1
1644 3622 1
1514 1222 1
2645 614 1
3908 4738 1
4302 3560 1
280 1090 1
2377 4489 1
262 2991 1
4836 2936 1
2342 4040 1
3058 796 1
929 4392 1
4198 3588 1
3141 2427 1
4082 1217 1
545 2755 1
2498 4604 1
364 350 1
4120 2013 1
231 4687 1
1788 3542 1
145 2321 1
4914 1565 1
1864 3479 1
2371 1006 1
4559 1574 1
2205 1001 1
3837 4912 1
259 3579 1
2296 1108 1
3149 499 1
3371 3753 1
847 3404 1
4936 1464 1
3053 2200 1
4979 2998 1
2392 1663 1
3967 1548 1
2845 3625 1
25 4696 1
912 3504 1
2214 4399 1
578 1204 1
1037 4858 1
2209 3992 1
2365 4529 1
4569 1824 1
1449 843 1
2416 52 1
2145 1997 1
3733 4032 1
2270 4234 1
2174 2568 1
709 1414 1
2082 500 1
1250 3194 1
4790 2628 1
329 853 1
1047 87 1
4310 3912 1
2548 3009 1
768 655 1
2434 1043 1
3273 4565 1
4986 3458 1
3774 3445 1
4110 3725 1
900 3971 1
3103 3958 1
3036 4464 1
2243 3563 1
2838 134 1
1312 639 1
2299 867 1
1868 107 1
882 1122 1
4097 2907 1
4150 1246 1
2267 169 1
1078 4921 1
1428 1612 1
337 1666 1
2826 4276 1
4117 2667 1
918 3348 1
3698 1126 1
938 4684 1
1738 4924 1
996 4792 1
57 880 1
902 2280 1
1075 952 1
176 4075 1
661 3762 1
3985 3607 1
532 3763 1
1336 1549 1
1299 2149 1
1868 1236 1
1290 4041 1
4406 2730 1
869 131 1
4227 731 1
4651 4772 1
4302 4175 1
2903 3261 1
2248 259 1
1470 2807 1
940 431 1
2671 4613 1
3001 4063 1
4165 873 1
402 4113 1
1846 1891 1
4846 2462 1
1621 338 1
1744 4331 1
1964 4333 1
1125 2469 1
4867 3105 1
2292 2570 1
1918 3491 1
395 3990 1
996 4907 1
1825 2959 1
4770 4461 1
1776 1612 1
3921 1264 1
2970 3576 1
436 3449 1
3583 4572 1
2639 524 1
419 3755 1
1441 4055 1
3679 387 1
4971 4926 1
4843 4899 1
3385 3283 1
1775 3409 1
2900 4072 1
1487 333 1
3885 3298 1
3691 815 1
1640 2564 1
4639 2685 1
2802 4192 1
959 2275 1
2967 618 1
1264 4068 1
1961 3394 1
3269 1627 1
1693 4216 1
2285 2889 1
30 3025 1
1915 1819 1
4396 2325 1
2196 2939 1
2460 1631 1
2636 950 1
1045 1684 1
3078 2703 1
1646 4985 1
3151 4520 1
4193 72 1
263 3052 1
1227 3901 1
3906 424 1
3851 3953 1
2436 1757 1
2870 728 1
3759 352 1
2940 2494 1
1511 1259 1
2646 4197 1
1085 3388 1
156 4320 1
2515 4928 1
1479 2879 1
2546 1787 1
1984 1916 1
4057 4711 1
353 1251 1
454 1728 1
1256 1886 1
1850 3565 1
1257 225 1
164 4427 1
1966 2306 1
846 1707 1
3731 4711 1
1378 332 1
3805 2693 1
3908 3119 1
4241 986 1
4935 829 1
3410 308 1
4589 56 1
4470 3902 1
3576 3847 1
1347 3727 1
2693 2555 1
4810 2017 1
240 2811 1
3390 4183 1
4867 3400 1
4472 4918 1
3247 3881 1
4381 246 1
662 2572 1
2097 2990 1
1309 4290 1
896 52 1
2839 3533 1
3266 718 1
749 976 1
1445 1479 1
3071 3245 1
4130 4389 1
2987 2637 1
167 1863 1
2460 3133 1
2049 105 1
165 2670 1
2983 889 1
27 2554 1
4852 3611 1
741 1474 1
4345 39 1
2738 680 1
1415 755 1
4787 4417 1
2849 3281 1
3739 4900 1
1221 1438 1
4257 1559 1
1463 4714 1
3497 472 1
4827 2462 1
1451 796 1
4182 1712 1
908 326 1
579 3915 1
3365 1437 1
3233 409 1
3 2775 1
4629 1010 1
4038 985 1
951 1550 1
827 2636 1
1780 4603 1
399 3083 1
1142 4303 1
4460 1723 1
810 2225 1
860 734 1
3877 3392 1
2971 2292 1
2995 2198 1
3206 3547 1
4644 4490 1
3135 1401 1
3023 3887 1
1112 2997 1
2410 2254 1
1752 438 1
2676 3502 1
3207 1183 1
3140 1436 1
4484 4742 1
128 3820 1
2920 2220 1
2083 4321 1
3040 4641 1
3289 4297 1
3864 3130 1
435 552 1
463 1709 1
3573 4581 1
3514 1678 1
1124 1668 1
2286 962 1
4860 102 1
1263 3936 1
2190 2544 1
775 1146 1
572 2010 1
3875 1494 1
3238 3925 1
1988 660 1
350 4957 1
3810 4959 1
1723 254 1
1162 4441 1
4995 1426 1
737 2163 1
2320 2407 1
4859 486 1
4034 907 1
4150 496 1
2425 811 1
2145 3100 1
3472 3106 1
1452 1700 1
1569 3583 1
4587 4970 1
1845 1071 1
19 1101 1
4389 2199 1
3217 807 1
3609 4349 1
3401 615 1
1735 1561 1
2091 3965 1
4303 3101 1
1620 4377 1
2162 4493 1
965 783 1
3398 4545 1
462 427 1
1246 2893 1
3134 3272 1
4733 3035 1
4780 1336 1
3129 1783 1
2527 298 1
1904 365 1
3209 2127 1
2883 205 1
3540 2508 1
4368 4956 1
2204 455 1
3345 632 1
1706 2507 1
1534 15 1
2591 1061 1
4242 595 1
2266 621 1
4370 3800 1
3389 4539 1
3339 3689 1
3323 3840 1
2501 3359 1
4261 1397 1
2790 533 1
4979 2818 1
4198 4512 1
1612 1687 1
3981 3588 1
700 3249 1
728 4085 1
331 2781 1
4709 815 1
2429 3890 1
1155 421 1
1935 936 1
4643 1557 1
3685 4284 1
3873 3994 1
416 629 1
1510 506 1
1039 3933 1
3987 228 1
2768 1566 1
2721 814 1
2473 3124 1
2741 4916 1
4300 4912 1
4922 3698 1
3395 224 1
1421 2781 1
1682 1009 1
1642 4175 1
1979 3727 1
2070 4764 1
2934 772 1
2969 2841 1
1388 1618 1
876 4267 1
3503 2385 1
2402 4157 1
2491 391 1
3452 347 1
1721 4214 1
2894 4631 1
190 1123 1
2166 2403 1
1843 833 1
3132 3724 1
4381 894 1
619 243 1
67 2544 1
309 977 1
1758 1390 1
301 4381 1
4368 2989 1
3263 1459 1
353 178 1
2358 1923 1
4675 3729 1
2848 3508 1
1012 4729 1
18 2397 1
575 221 1
3255 3558 1
217 4312 1
684 2849 1
4560 2784 1
460 3359 1
3795 779 1
4374 4656 1
2080 4351 1
1379 3391 1
1080 2278 1
2657 542 1
277 472 1
4808 730 1
4059 1587 1
255 4366 1
983 2472 1
1333 4106 1
1962 3803 1
4206 3295 1
4050 238 1
1846 50 1
4304 422 1
3716 4237 1
4933 2779 1
2647 1398 1
4325 2725 1
4041 3062 1
2726 4436 1
2868 4300 1
4753 2840 1
1067 3924 1
2004 1940 1
1307 2844 1
98 771 1
4154 4965 1
1519 1858 1
3530 801 1
2140 2859 1
912 1831 1
4053 3267 1
1885 3470 1
2900 1230 1
768 3173 1
1305 2096 1
2161 1541 1
591 2675 1
1661 103 1
1745 3787 1
1076 2586 1
4732 209 1
4016 3419 1
4960 4239 1
327 835 1
2677 2616 1
4078 4294 1
2090 1273 1
882 2820 1
4782 3316 1
2194 368 1
1580 781 1
4431 315 1
3059 4932 1
3851 3697 1
2007 986 1
823 480 1
679 1922 1
4246 4491 1
120 2920 1
1623 3665 1
5000 2655 1
498 2876 1
1501 2325 1
843 1726 1
336 2491 1
3060 2071 1
1360 4114 1
2876 1711 1
121 4350 1
3664 1202 1
1210 1466 1
3569 3261 1
4553 4394 1
2610 3108 1
439 4174 1
694 3914 1
3595 2030 1
3249 3520 1
995 3335 1
1407 4206 1
1692 2173 1
3086 966 1
3370 2566 1
4533 188 1
566 1680 1
25 1288 1
3421 1376 1
3277 1763 1
1012 2729 1
4168 2538 1
4664 3895 1
2743 4251 1
101 3305 1
398 4459 1
684 3957 1
2415 2992 1
4531 2923 1
4168 1625 1
3208 3869 1
4299 4837 1
236 534 1
4608 3823 1
4608 2424 1
3513 2387 1
3315 581 1
4129 721 1
173 4267 1
2857 2687 1
1171 4264 1
2114 4768 1
917 2200 1
2840 1163 1
109 2995 1
3851 3865 1
1314 4798 1
4986 399 1
1695 4998 1
2400 1092 1
1724 2586 1
2302 731 1
3545 3544 1
2785 3760 1
2529 4785 1
1200 819 1
633 2504 1
4822 393 1
218 2678 1
4427 3357 1
2470 2008 1
1308 4248 1
2122 269 1
4652 4874 1
3638 4153 1
532 3202 1
2828 3257 1
4847 2185 1
2611 3207 1
1836 3553 1
6 4370 1
4410 3602 1
1475 2896 1
3378 826 1
3141 362 1
4112 670 1
1224 124 1
459 1330 1
240 2927 1
4403 2889 1
2314 3630 1
3430 2151 1
2004 3772 1
3008 3767 1
1968 2044 1
1150 2197 1
1359 4616 1
1955 3957 1
271 2562 1
214 2919 1
401 4823 1
3 3997 1
4067 2256 1
1463 361 1
4321 3071 1
656 466 1
3851 2904 1
4485 3988 1
2837 3075 1
2483 477 1
3224 2610 1
2557 3568 1
2387 4982 1
973 1417 1
2794 1369 1
203 3972 1
3250 1958 1
3382 2539 1
3430 2760 1
3645 413 1
4498 1729 1
2681 338 1
704 719 1
664 2142 1
2269 4042 1
2937 923 1
3597 4089 1
3920 3456 1
3231 3338 1
1954 4713 1
471 4383 1
2997 3359 1
3571 3120 1
3809 1938 1
2829 792 1
3335 1950 1
888 2396 1
3241 2964 1
1849 2790 1
2650 2267 1
2242 3320 1
2347 1692 1
3813 1632 1
3911 1447 1
3095 4377 1
3439 1634 1
746 4364 1
1282 756 1
210 1874 1
2864 2550 1
127 3960 1
3391 2364 1
1381 4759 1
3061 3303 1
2211 2514 1
3812 4036 1
1475 192 1
4129 2329 1
3451 240 1
4050 4705 1
3846 3545 1
1403 1151 1
2564 468 1
338 3751 1
4245 3558 1
1097 2366 1
2775 1461 1
4978 2015 1
4705 2057 1
689 4139 1
3352 2360 1
3321 855 1
2967 1829 1
2407 4175 1
2037 752 1
1117 466 1
1198 2626 1
2816 2639 1
2480 2106 1
890 189 1
4608 3806 1
498 1653 1
2475 4331 1
4987 4354 1
4328 4383 1
1720 1882 1
4634 1585 1
4754 1944 1
2305 3031 1
3182 2963 1
3993 3544 1
1586 2205 1
905 892 1
2664 24 1
2676 391 1
3198 1464 1
4920 2096 1
264 2820 1
931 3444 1
31 4750 1
2638 287 1
4362 4422 1
4452 683 1
815 2191 1
3499 1579 1
4452 1564 1
2012 4296 1
1903 195 1
2331 219 1
4402 3376 1
2569 4255 1
4991 2655 1
4988 3814 1
4488 2910 1
4268 723 1
1299 3860 1
3690 1558 1
534 3770 1
1371 1034 1
4870 4451 1
393 2600 1
3471 4126 1
906 3639 1
806 3821 1
1555 1272 1
3970 434 1
341 726 1
455 1041 1
4781 4946 1
2100 1453 1
2394 4605 1
265 1029 1
3819 1101 1
4561 2341 1
855 106 1
4499 4862 1
3633 1906 1
944 19 1
264 1443 1
2214 1386 1
1761 3120 1
4510 4451 1
282 3246 1
4780 3579 1
1851 3640 1
3138 585 1
2401 1459 1
2803 2202 1
3301 2727 1
743 4648 1
2915 497 1
4132 4665 1
3555 2860 1
3063 633 1
1706 762 1
4284 3931 1
3875 1709 1
4774 73 1
4180 4345 1
3334 3449 1
4401 2024 1
9 124 1
4899 3341 1
592 4303 1
4095 2842 1
1847 1796 1
4773 368 1
4153 2917 1
2381 4583 1
3566 3593 1
1357 673 1
798 4135 1
4500 1311 1
2010 451 1
3535 2742 1
180 1169 1
4782 766 1
1624 3557 1
105 738 1
4216 3628 1
3078 3327 1
600 3988 1
2516 4357 1
1331 4885 1
3216 1307 1
637 1496 1
1638 688 1
752 1537 1
4634 3974 1
2103 3612 1
4967 2906 1
2487 1133 1
2529 3225 1
3991 2994 1
1065 234 1
413 1019 1
1747 4441 1
3172 1909 1
3989 3553 1
2398 826 1
1633 4967 1
1030 4726 1
1609 2216 1
2891 3424 1
4453 3629 1
1134 740 1
830 782 1
4824 4796 1
1346 2195 1
1250 4809 1
1658 1890 1
2573 4172 1
3539 2962 1
3847 2238 1
2630 2837 1
3256 93 1
4480 2998 1
733 1367 1
253 297 1
4205 2456 1
1958 1385 1
1753 3631 1
1014 4435 1
1128 836 1
3217 3497 1
4597 216 1
275 4198 1
4740 877 1
3272 2448 1
371 4023 1
270 3196 1
767 2176 1
4172 642 1
214 3602 1
4947 4309 1
3814 2549 1
3269 1130 1
787 4058 1
1970 3696 1
4533 902 1
113 4392 1
1263 971 1
2522 2789 1
1627 2130 1
1770 834 1
1052 2242 1
2177 3735 1
1078 529 1
4835 1466 1
1794 2095 1
1517 2135 1
4591 2253 1
1204 3759 1
4053 2166 1
4093 1318 1
2031 3014 1
302 2038 1
1436 2269 1
2705 2393 1
4960 4521 1
3117 3582 1
1246 2125 1
3825 3165 1
1952 4889 1
140 4528 1
2822 3680 1
979 2719 1
1430 1270 1
28 4167 1
4058 78 1
3104 2136 1
823 1546 1
1777 1229 1
421 4923 1
4663 3619 1
3867 2509 1
1572 3168 1
4964 1886 1
1107 382 1
4262 4934 1
3307 3442 1
987 1702 1
706 2863 1
1373 3771 1
111 3363 1
4804 2933 1
2971 3743 1
3969 1418 1
3834 4276 1
2215 726 1
2180 4817 1
76 2821 1
999 3292 1
4969 4871 1
1228 318 1
3990 412 1
3637 804 1
4170 1563 1
4895 2919 1
864 4034 1
2762 1137 1
89 3958 1
1708 1812 1
3648 1234 1
1268 485 1
2765 1987 1
4166 4405 1
1856 871 1
4659 2239 1
2465 557 1
1357 4308 1
505 71 1
532 1870 1
1135 3128 1
4769 3001 1
4453 528 1
4715 1168 1
131 1523 1
3640 2548 1
206 32 1
4461 3514 1
1864 185 1
2834 1893 1
469 1281 1
1638 1517 1
693 3892 1
3842 4773 1
3016 2135 1
4589 2516 1
3600 3433 1
1021 2312 1
3610 1982 1
1185 3215 1
3126 2924 1
2785 2888 1
4485 1836 1
2983 956 1
966 937 1
2216 4546 1
401 4310 1
299 852 1
1777 3000 1
16 3521 1
2053 1138 1
623 2433 1
4878 3512 1
3107 763 1
4195 785 1
4071 1495 1
541 3372 1
4729 4589 1
856 818 1
879 3950 1
4863 3284 1
1320 3791 1
2631 2048 1
4953 4508 1
851 4579 1
3274 4022 1
2718 1214 1
1752 3035 1
3550 2832 1
1944 3157 1
1738 885 1
504 1741 1
3425 898 1
2937 4852 1
601 3803 1
2780 4566 1
999 4716 1
4884 2197 1
4580 874 1
629 3141 1
109 2030 1
1740 4343 1
622 1078 1
1570 3051 1
2148 3501 1
1762 2010 1
888 4002 1
2627 504 1
776 1745 1
744 4160 1
1600 1467 1
2884 4490 1
1047 677 1
1456 3087 1
1218 355 1
4468 1045 1
664 2542 1
3897 3920 1
4497 2627 1
1773 583 1
4042 1596 1
1917 815 1
4002 1887 1
3567 4483 1
1435 4865 1
2278 2645 1
1759 742 1
2570 2453 1
4764 1799 1
3653 237 1
3807 4278 1
116 3520 1
123 696 1
4949 366 1
2873 2760 1
2707 4021 1
2050 1557 1
1290 2257 1
4825 4191 1
2443 143 1
3519 1131 1
4993 4650 1
2397 2452 1
3394 1569 1
4281 430 1
2189 971 1
3186 1287 1
406 2257 1
2751 4299 1
1793 4214 1
1400 4757 1
3100 4038 1
3364 4049 1
1661 2305 1
2454 1907 1
2179 4690 1
2999 4437 1
3630 1877 1
4465 168 1
1721 1477 1
2284 4972 1
3225 1686 1
1035 2186 1
257 1995 1
2686 2362 1
2565 654 1
2165 2612 1
640 1535 1
3741 4465 1
1194 2717 1
2571 4960 1
2214 4008 1
2629 3826 1
2865 721 1
859 1896 1
4840 3902 1
2792 4434 1
3200 1492 1
3413 3303 1
4772 3405 1
2435 789 1
4367 1601 1
3488 3506 1
4340 1301 1
3243 4743 1
4407 2523 1
2181 4828 1
1539 356 1
4685 4644 1
941 1818 1
2998 2359 1
1910 1725 1
4877 447 1
1595 390 1
1292 4454 1
4429 479 1
841 2045 1
3818 4428 1
2968 4716 1
512 2291 1
1212 4397 1
662 3162 1
1518 3076 1
3705 4098 1
4719 2985 1
462 831 1
2614 1873 1
280 2847 1
1064 4650 1
3793 4689 1
1196 3755 1
4534 4361 1
3511 3658 1
906 3173 1
1842 2413 1
1969 4369 1
2111 1855 1
4545 1341 1
210 2054 1
2774 4950 1
1522 3907 1
1391 3959 1
4419 698 1
2265 4637 1
724 1850 1
3531 903 1
1094 2396 1
960 2654 1
4973 891 1
3615 644 1
4057 2028 1
2307 4464 1
3909 3486 1
593 4997 1
2328 541 1
3109 997 1
2018 1148 1
1068 2265 1
4036 2603 1
1201 1283 1
311 2150 1
2966 2789 1
1347 1568 1
3835 2936 1
1953 2913 1
1393 4626 1
4101 2621 1
4783 166 1
2804 2230 1
1733 616 1
4386 1275 1
4271 276 1
4974 1801 1
2950 4866 1
1560 3169 1
3924 311 1
2862 492 1
4494 3281 1
308 1746 1
4182 4515 1
3457 4456 1
3147 268 1
443 193 1
2446 3581 1
1400 3746 1
519 2383 1
2952 1542 1
2797 2353 1
432 1566 1
132 1023 1
628 1013 1
2195 1370 1
3306 3625 1
3731 4943 1
1366 1657 1
1525 4669 1
320 4230 1
4739 3780 1
3388 441 1
2801 961 1
4372 1824 1
1249 3265 1
2194 3429 1
3773 4393 1
2619 466 1
2774 3234 1
710 2640 1
3733 2247 1
4116 1166 1
2144 2685 1
405 75 1
3574 4606 1
3788 856 1
928 25 1
2756 276 1
1835 4930 1
1902 291 1
1611 2100 1
1979 3973 1
1148 1264 1
4276 3883 1
2829 2286 1
1434 2010 1
645 2241 1
2051 3366 1
4594 836 1
4805 4395 1
4326 1727 1
96 4467 1
3094 856 1
4904 126 1
3941 1103 1
622 372 1
4066 3757 1
3753 590 1
842 159 1
4718 2264 1
4858 1768 1
176 206 1
2391 2566 1
1151 181 1
3096 1454 1
1455 1307 1
3532 545 1
4786 1759 1
790 2116 1
4709 1508 1
2126 2595 1
3085 4752 1
4926 2276 1
4610 2673 1
603 1447 1
2368 3069 1
3617 4556 1
1091 2440 1
3509 837 1
942 592 1
2832 1642 1
483 3897 1
3077 1654 1
1731 3577 1
4012 3321 1
1939 1535 1
884 1558 1
2352 786 1
1941 3797 1
1505 3931 1
4447 4299 1
2281 192 1
4256 2299 1
1162 291 1
12 3807 1
611 3485 1
1675 1986 1
1677 4848 1
4590 3887 1
3476 2115 1
2331 2669 1
3281 3089 1
4633 200 1
3540 995 1
125 3940 1
3861 1173 1
1206 172 1
1313 922 1
1366 3808 1
4778 4942 1
4040 3169 1
348 312 1
2157 3948 1
651 293 1
3003 216 1
2817 1927 1
2954 1839 1
1457 4682 1
4940 1941 1
4641 4965 1
4959 4459 1
4684 3338 1
980 3694 1
2553 32 1
2691 1216 1
3550 4662 1
2674 3028 1
1696 4953 1
293 2003 1
1852 3211 1
4776 2245 1
3340 4038 1
569 4869 1
2951 1464 1
2586 2928 1
4686 4931 1
2783 1688 1
3591 3268 1
1531 2365 1
1691 2468 1
4469 3781 1
4062 2745 1
4935 1502 1
3994 3839 1
2327 2788 1
2019 2120 1
1884 2091 1
47 1243 1
2798 1190 1
3492 3915 1
2708 1967 1
2701 3690 1
2170 1906 1
4525 4563 1
1215 4272 1
3475 2154 1
604 4147 1
1610 1144 1
328 4341 1
4002 4811 1
69 1491 1
4537 4441 1
257 4829 1
147 3725 1
4483 90 1
3620 2351 1
1385 706 1
1929 4758 1
1051 231 1
4599 1859 1
4317 448 1
482 285 1
209 2853 1
2066 572 1
2828 870 1
1959 2425 1
1938 276 1
2576 250 1
2922 289 1
4007 1295 1
2502 2329 1
4402 1484 1
4354 2354 1
3111 724 1
4681 1098 1
1965 4287 1
3136 2842 1
2289 1388 1
2382 341 1
1097 3513 1
4900 2779 1
3625 1411 1
92 3749 1
2953 2674 1
849 199 1
3270 2717 1
3749 435 1
262 4937 1
2015 1503 1
1720 1025 1
3360 1225 1
4551 2788 1
4964 3928 1
3857 4890 1
1943 4234 1
1587 2879 1
2213 108 1
4308 2169 1
3247 2289 1
487 2984 1
1341 1936 1
4944 358 1
1287 3816 1
2107 3452 1
3628 3658 1
1157 1999 1
2254 2365 1
628 954 1
1646 508 1
1215 3448 1
676 3868 1
3701 3700 1
3399 4813 1
4824 97 1
1653 3880 1
2465 2396 1
1732 4570 1
1655 170 1
3021 545 1
2343 241 1
310 1762 1
4765 2312 1
2240 4009 1
983 1599 1
22 2147 1
4008 1317 1
2381 4556 1
1111 2814 1
969 870 1
238 4427 1
2852 2259 1
1569 978 1
3043 1987 1
4341 3830 1
235 1492 1
210 1652 1
2482 2408 1
594 1414 1
4388 4345 1
2349 1530 1
4566 2695 1
1586 3245 1
3656 2295 1
3466 3028 1
3264 2332 1
1672 4932 1
213 1889 1
4123 1521 1
4244 868 1
2682 2032 1
2181 1127 1
577 3167 1
3495 1446 1
2379 2984 1
3068 4843 1
2622 10 1
1991 2560 1
1279 3064 1
1055 4575 1
3945 2061 1
4424 550 1
491 3078 1
4136 4186 1
1838 2138 1
2745 3537 1
3065 1842 1
3279 3494 1
2721 3850 1
4943 4868 1
3666 1028 1
3578 2120 1
5 3265 1
1623 1804 1
4068 4134 1
2844 1970 1
4012 3193 1
3815 1468 1
84 1898 1
4458 617 1
3756 591 1
4019 571 1
4204 660 1
2726 1184 1
1762 4448 1
334 3962 1
1056 4723 1
4117 3299 1
2993 2492 1
351 2551 1
4234 1329 1
431 741 1
2578 2267 1
2957 171 1
2029 676 1
1031 4308 1
331 2558 1
300 3343 1
4581 2827 1
900 3651 1
936 4659 1
390 1935 1
3891 1740 1
381 2419 1
4462 3613 1
1802 396 1
1776 4128 1
1192 3598 1
4672 4576 1
3286 2225 1
3364 655 1
1072 549 1
1630 3856 1
3809 1387 1
1573 519 1
866 21 1
1211 2692 1
667 3820 1
2178 3847 1
777 281 1
1398 75 1
4223 4067 1
4791 516 1
2402 2163 1
2809 2579 1
4932 4221 1
1815 578 1
2643 2517 1
4618 568 1
596 1973 1
4996 862 1
2517 2099 1
4330 2221 1
1229 765 1
2164 4090 1
2380 3763 1
4200 2184 1
1924 1669 1
901 4305 1
1216 192 1
2492 3869 1
385 1439 1
1856 3350 1
3459 1967 1
2164 305 1
163 4848 1
3814 702 1
1069 4895 1
3827 4436 1
4149 4503 1
4625 2247 1
4188 3435 1
1166 3624 1
1445 299 1
785 1872 1
905 15 1
1743 1820 1
174 4313 1
3951 2597 1
1904 4818 1
3511 4723 1
2982 1510 1
4327 4592 1
1938 813 1
1321 1721 1
3173 4190 1
1491 872 1
2088 491 1
826 1689 1
560 4710 1
2695 3913 1
3778 1044 1
3659 3414 1
2527 3633 1
1372 1057 1
4210 689 1
3543 4737 1
622 895 1
4077 3813 1
2464 767 1
1316 3518 1
668 819 1
3176 4356 1
200 3443 1
1046 4106 1
2059 1230 1
2089 214 1
3047 4266 1
563 2982 1
1740 3507 1
1444 1129 1
1415 2396 1
477 3232 1
2819 1572 1
4879 4616 1
3572 3042 1
2624 3190 1
967 4551 1
4838 237 1
1588 3990 1
1461 1974 1
3051 222 1
373 3229 1
1921 2796 1
3111 2402 1
4095 4632 1
4852 1623 1
3179 1983 1
233 4921 1
757 123 1
1581 868 1
2729 3444 1
2507 4632 1
2261 4939 1
2507 511 1
2560 1617 1
1448 2793 1
56 3272 1
4945 2628 1
2337 4348 1
4387 2439 1
42 3777 1
1508 3082 1
2930 3796 1
801 3735 1
2194 2109 1
3707 2986 1
3654 3007 1
43 1005 1
92 1339 1
491 4898 1
4660 3474 1
1975 3370 1
4864 2561 1
1705 4254 1
1153 1447 1
2789 3262 1
4221 2466 1
1217 1853 1
1096 3308 1
1655 370 1
4696 850 1
861 4981 1
2575 631 1
2657 2889 1
348 1262 1
4337 3155 1
1069 4952 1
1816 4474 1
926 4837 1
1795 1270 1
2481 234 1
1719 3820 1
1179 2112 1
4097 4411 1
2927 3517 1
4685 2932 1
1310 1851 1
484 3814 1
2599 2018 1
4001 929 1
4111 4423 1
615 3166 1
3440 3016 1
1238 4781 1
439 1706 1
2583 1261 1
1558 2004 1
4220 65 1
110 2110 1
4045 2226 1
3148 1728 1
4266 1581 1
3463 737 1
149 4800 1
3459 2658 1
2788 1918 1
4702 4640 1
4103 626 1
4984 4578 1
4196 4885 1
1399 3471 1
3993 4143 1
2 2689 1
129 1602 1
387 3074 1
2540 4280 1
51 2133 1
1403 4836 1
1021 2361 1
868 3356 1
2418 3740 1
2840 398 1
1725 3296 1
845 3112 1
2098 2062 1
3124 1534 1
4520 4282 1
2730 1226 1
2736 3412 1
241 4779 1
2269 4698 1
1963 1704 1
2961 523 1
1895 1816 1
2206 4109 1
1946 1284 1
4265 2625 1
377 772 1
3054 1600 1
4607 799 1
2641 4653 1
1353 2208 1
474 590 1
1956 2841 1
584 1278 1
626 1215 1
2231 2741 1
4895 849 1
1503 2502 1
869 385 1
1033 4739 1
1960 3895 1
780 718 1
2869 1609 1
3377 3931 1
1537 546 1
1430 1125 1
1056 998 1
1049 848 1
2822 2955 1
2578 2490 1
4004 2626 1
4357 2715 1
3857 4967 1
3682 2359 1
4797 4842 1
3338 864 1
1608 2978 1
1735 4895 1
2569 4671 1
2770 2543 1
3872 2765 1
1658 1256 1
2188 3716 1
1785 4452 1
3784 458 1
4312 1011 1
85 1647 1
1481 1252 1
1690 4615 1
3427 3575 1
3961 1927 1
1640 3732 1
3993 2807 1
2619 530 1
4350 4749 1
220 2525 1
4608 2938 1
449 4516 1
2447 3389 1
4253 1396 1
106 3443 1
783 1253 1
3224 842 1
4521 1504 1
3204 1680 1
4464 1917 1
4577 2364 1
4690 2282 1
2440 746 1
646 3862 1
973 311 1
1939 3522 1
3010 2896 1
1826 3510 1
3764 732 1
4626 1979 1
1236 2859 1
4599 1801 1
712 736 1
4064 4776 1
2806 4926 1
1860 4799 1
4104 2727 1
225 3754 1
2622 4360 1
3618 4352 1
1152 1156 1
2720 4456 1
3337 1733 1
2295 1812 1
2728 4521 1
3013 4416 1
1817 1638 1
2152 2337 1
2654 273 1
3292 2349 1
4904 4108 1
934 1440 1
1053 2536 1
2588 2585 1
3181 2483 1
3556 2668 1
1519 909 1
383 4993 1
4979 330 1
17 2861 1
2873 2624 1
4744 115 1
1512 2057 1
3713 426 1
4907 4070 1
2022 1928 1
3462 3580 1
1429 4554 1
3719 3160 1
617 4492 1
2372 2799 1
2964 975 1
3876 1523 1
1731 3363 1
2954 730 1
4788 2042 1
2436 1274 1
620 4594 1
286 2117 1
3468 3861 1
4886 2438 1
1612 4893 1
748 3432 1
449 4211 1
1389 1200 1
1246 4820 1
274 547 1
3254 3494 1
943 1095 1
845 3964 1
2771 4693 1
2433 4072 1
390 2986 1
2521 1535 1
4731 1908 1
1158 853 1
516 1980 1
4062 4568 1
1088 3478 1
2824 3722 1
4097 3219 1
2967 1945 1
959 42 1
4509 2409 1
2927 2632 1
3672 2346 1
2128 1836 1
1725 4164 1
805 3487 1
4172 4334 1
2136 2643 1
846 4508 1
3904 557 1
2619 1484 1
3816 327 1
3672 709 1
1894 3878 1
1918 3866 1
568 1072 1
4479 1873 1
2680 2319 1
810 78 1
2928 1460 1
4519 1538 1
948 1840 1
3752 4375 1
3598 3005 1
4096 2913 1
3738 4240 1
2201 2313 1
1367 1283 1
1809 2517 1
2214 3678 1
450 2709 1
2068 4670 1
4142 3038 1
2238 3940 1
3276 2122 1
565 1151 1
2776 3205 1
4706 2134 1
4612 2973 1
2084 2326 1
177 469 1
3584 4229 1
3318 1082 1
2105 3433 1
4047 4845 1
3514 4867 1
3914 2914 1
2532 301 1
4798 4880 1
4640 4148 1
3044 1704 1
2127 3783 1
437 2981 1
619 3089 1
1355 2023 1
3668 2343 1
