593
1 567
1 519
1 466
1 859
2 737 914
2 404 798
1 781
2 546 50
1 982
1 378
1 483
1 712
2 99 665
1 117
2 536 522
1 944
1 179
1 613
1 419
1 806
2 541 962
1 191
1 75
1 852
1 458
2 3 347
1 534
1 759
3 719 4 106
1 654
1 454
1 344
1 45
2 766 751
2 1 775
1 338
1 684
1 440
1 815
2 360 730
1 687
1 466
1 4
1 595
1 622
2 508 966
1 857
1 63
1 691
2 771 87
2 990 763
1 476
1 381
2 522 392
1 879
2 718 436
1 85
1 121
2 244 143
1 83
1 303
1 715
2 720 420
1 811
1 866
1 189
3 867 676 948
1 10
1 725
1 154
1 65
2 823 119
1 897
2 230 146
1 546
1 411
2 439 514
1 425
1 929
1 182
1 51
1 558
1 297
1 41
1 902
3 397 68 587
2 411 275
1 161
1 74
3 118 116 588
2 958 41
1 400
1 765
1 563
1 667
1 585
1 327
4 439 66 310 116
1 538
1 247
2 206 840
1 554
1 488
1 421
2 640 699
1 859
1 765
1 566
2 179 29
1 788
3 858 406 476
1 128
3 258 22 635
2 617 907
1 48
1 301
1 665
1 417
1 574
2 119 247
1 942
1 761
1 707
1 144
1 788
1 656
1 527
2 153 932
1 887
1 651
1 499
3 430 462 720
1 920
2 426 739
2 998 265
1 966
1 17
2 755 353
1 805
1 945
3 28 405 90
2 893 743
1 653
1 106
1 322
1 51
1 568
1 240
2 171 824
1 583
1 694
1 568
2 270 260
1 234
1 905
1 987
2 227 173
1 894
1 239
1 322
1 902
1 703
1 524
1 38
1 178
1 195
1 345
1 849
1 626
2 960 760
1 289
1 91
1 467
1 478
1 998
2 479 883
1 787
1 369
1 864
1 376
1 852
5 535 347 54 499 297
1 525
2 236 387
2 728 14
2 79 849
1 131
2 484 625
2 778 439
1 402
1 159
1 75
1 209
1 673
1 17
2 360 294
1 447
1 38
1 3
1 583
1 655
1 521
1 85
1 888
2 227 341
1 411
1 244
1 359
1 466
2 368 406
1 136
1 730
2 645 765
1 662
2 259 38
1 167
1 431
1 923
2 217 110
1 282
1 47
1 76
1 282
1 330
1 826
1 358
1 681
1 152
1 576
2 439 831
1 744
1 873
2 415 480
1 592
1 30
1 1000
1 273
1 434
2 605 732
1 336
1 301
1 24
1 21
3 272 471 590
1 862
2 864 133
1 95
1 169
2 502 80
1 986
1 391
1 84
1 45
3 878 982 668
1 861
2 699 202
2 565 938
1 299
1 49
2 854 652
1 30
1 645
2 245 672
1 720
1 660
1 63
4 979 582 902 274
1 890
1 629
1 749
1 636
2 307 371
1 394
1 837
3 529 914 11
2 150 227
1 747
2 358 827
1 44
1 624
1 771
1 88
1 186
1 677
1 483
1 449
1 397
2 902 753
1 340
3 624 81 267
3 130 253 126
1 906
1 379
3 328 427 30
1 810
1 426
1 792
1 364
1 308
1 572
1 460
1 829
2 518 491
1 161
1 586
1 145
1 997
1 872
1 453
2 634 547
1 10
2 600 919
2 308 487
1 407
1 120
3 493 32 531
2 431 451
1 9
1 981
1 209
1 915
1 310
1 168
2 11 444
2 606 749
1 296
1 335
1 237
1 721
2 923 183
1 416
2 979 788
1 359
3 581 192 278
1 866
1 387
1 845
2 93 821
1 852
1 523
1 765
1 628
1 540
1 291
2 434 807
3 879 922 352
1 738
1 749
1 395
1 577
1 2
2 801 473
1 615
1 982
1 921
1 647
2 600 232
1 423
1 739
2 343 375
1 987
1 733
1 82
3 639 713 556
1 434
3 746 83 862
1 491
1 397
1 615
2 340 315
1 435
1 360
3 541 830 515
1 467
1 180
1 640
1 989
1 362
1 241
1 515
2 583 686
1 768
1 179
1 768
1 866
1 28
1 411
4 853 932 108 613
1 288
2 156 894
1 125
2 47 323
4 398 676 556 107
1 135
1 313
1 992
1 992
1 131
1 891
1 259
1 993
1 243
1 79
4 521 243 660 800
1 109
1 240
1 234
2 710 4
1 223
1 600
2 981 152
1 462
1 174
1 470
1 697
1 878
3 534 76 845
1 955
1 673
1 316
1 235
1 426
1 668
2 928 723
1 883
1 405
1 229
1 702
1 225
1 835
1 55
1 811
1 458
2 432 702
2 621 774
4 93 400 845 393
1 912
1 976
1 613
3 84 698 395
5 159 289 728 993 819
1 561
1 135
1 838
1 703
1 542
1 804
1 480
1 645
1 637
2 10 97
2 441 460
1 819
1 876
2 260 377
1 614
1 432
1 898
1 781
1 42
1 225
1 845
1 863
1 232
5 230 293 797 47 430
1 42
1 263
1 632
1 650
1 859
1 28
1 143
1 817
1 22
1 24
1 497
1 19
1 875
1 939
2 637 851
1 466
1 522
1 675
2 100 704
1 95
1 22
3 974 869 233
2 634 952
1 886
1 436
1 907
1 785
2 53 547
2 759 112
1 311
2 270 874
4 152 508 487 38
1 97
5 384 985 75 736 270
1 859
2 507 486
1 874
1 21
1 109
1 861
1 387
2 198 609
1 316
2 319 221
1 549
1 918
1 51
1 791
1 562
3 442 83 554
1 119
1 556
1 225
1 496
1 543
1 200
1 518
1 996
2 911 692
1 780
3 215 61 932
1 140
1 653
1 644
1 457
1 22
1 25
2 454 422
1 927
1 17
2 780 562
1 544
1 318
1 753
1 391
2 539 602
2 453 778
2 352 653
1 682
1 556
1 41
1 871
2 123 1000
1 973
2 41 607
2 623 905
2 866 651
1 921
2 223 55
1 345
1 680
1 149
1 478
2 994 972
1 555
1 235
2 249 63
1 120
1 568
1 695
1 588
1 412
1 554
1 183
2 606 96
1 871
1 268
1 142
1 872
1 984
1 720
2 347 529
1 537
1 632
1 814
1 469
1 409
2 701 109
1 804
1 374
1 322
1 796
1 460
1 587
4 343 703 462 638
1 510
2 787 770
1 64
