185
2 70 822
1 590
3 521 279 772
4 809 604 139 187
1 347
2 101 572
3 807 138 391
1 833
14 952 785 708 871 319 13 810 43 99 59 689 867 348 655
1 980
2 506 877
3 789 483 211
1 971
1 116
2 661 632
13 882 909 492 845 520 426 986 480 902 51 304 525 88
1 656
2 387 63
6 446 645 934 648 992 586
1 673
1 422
3 37 686 553
9 694 754 668 74 645 735 164 3 512
2 107 88
10 444 984 893 761 773 304 685 253 442 879
6 621 469 909 611 210 829
3 47 860 145
2 941 565
6 655 843 263 18 532 53
1 483
2 72 671
7 287 223 39 465 304 382 505
1 606
4 969 225 694 525
3 178 859 315
11 576 144 61 532 11 407 156 704 952 74 380
4 591 337 516 627
2 623 632
14 273 777 525 496 440 944 375 827 726 896 360 694 670 369
11 377 430 752 342 34 989 776 369 156 68 794
9 835 472 764 396 564 10 547 537 825
4 736 121 387 426
6 483 305 832 884 676 4
8 696 485 456 379 205 644 331 773
8 47 648 673 585 549 749 932 418
3 642 493 826
1 737
2 221 701
1 998
5 874 155 177 729 338
2 822 415
2 186 179
5 534 953 98 851 387
2 703 795
18 629 810 229 948 212 610 345 982 908 628 523 114 67 687 549 630 716 553
6 665 577 55 478 931 820
1 639
5 151 298 420 709 986
1 646
1 802
5 361 52 110 537 715
8 829 636 412 825 885 18 851 773
1 833
3 555 89 422
2 204 123
5 591 895 215 341 670
1 682
5 733 251 383 711 633
1 71
1 928
5 536 326 527 44 553
2 897 767
2 681 37
1 607
4 631 14 884 354
1 887
1 912
5 748 661 272 155 215
1 466
6 695 203 278 128 160 928
5 14 186 757 495 229
1 788
4 546 599 710 167
1 92
12 764 781 607 457 394 546 207 568 320 992 836 605
4 344 811 486 423
2 930 862
6 751 887 733 415 897 203
4 380 324 964 504
10 87 768 43 567 113 891 108 491 212 275
12 840 651 76 605 101 791 851 485 785 257 237 17
2 535 290
2 595 388
15 570 233 861 524 840 482 595 851 903 932 294 951 220 463 903
1 221
3 558 514 616
4 973 91 638 33
5 924 393 178 184 466
3 355 456 300
2 750 850
4 807 428 907 742
4 230 499 78 308
3 365 271 152
1 803
1 682
4 80 82 819 550
8 408 292 356 443 279 107 906 858
1 995
1 876
1 558
6 575 940 398 564 317 457
1 132
1 332
1 92
12 325 257 204 599 218 822 833 100 549 481 156 521
1 78
6 140 934 734 797 392 822
8 888 78 479 659 66 250 189 79
1 650
6 373 924 592 416 763 190
4 386 610 274 399
4 177 837 609 231
7 889 912 574 275 291 145 927
1 548
1 880
11 352 409 144 113 658 192 166 354 684 689 143
3 806 976 767
5 900 804 417 865 573
1 544
1 109
8 124 646 136 303 167 318 136 453
1 609
1 576
3 268 495 512
2 690 799
3 502 727 768
2 432 712
2 366 741
2 271 262
9 790 853 250 437 204 928 545 955 695
1 648
2 245 983
2 113 391
1 210
3 633 713 483
5 910 877 168 728 622
2 281 356
1 649
7 435 728 556 656 879 249 985
5 553 624 469 384 243
4 127 47 526 588
1 596
1 689
2 323 969
4 133 581 58 531
7 441 883 98 78 725 233 676
1 413
4 433 521 944 574
1 475
7 289 971 215 572 419 914 278
5 585 252 420 3 733
3 644 382 756
7 315 84 560 402 370 314 802
2 58 52
2 274 839
3 235 547 335
3 670 967 56
8 261 627 737 437 734 423 282 583
4 214 615 903 307
4 772 744 859 832
6 84 494 61 526 777 499
5 610 123 49 247 904
15 756 635 637 129 911 687 628 985 394 451 487 624 879 552 694
3 759 184 283
1 641
5 221 292 581 583 867
2 945 446
1 554
1 71
2 575 455
2 34 712
1 676
1 187
3 623 751 654
6 95 639 124 960 439 381
