641
3 653 519 600
2 43 599
2 927 322
2 322 370
1 994
2 383 677
1 563
1 684
1 400
1 979
1 773
1 688
1 483
1 569
1 78
1 489
2 857 664
1 712
1 44
1 91
3 410 579 277
1 538
1 818
1 146
2 746 969
1 876
2 488 937
1 786
2 753 975
3 22 87 993
1 369
1 679
1 683
1 949
1 983
1 137
1 891
1 321
1 286
2 792 260
4 286 399 236 309
1 16
2 492 583
2 60 8
3 859 236 895
1 401
1 451
1 138
3 459 580 227
2 808 980
1 743
1 462
1 920
1 673
1 951
1 888
1 33
1 647
1 333
1 986
1 275
2 887 909
2 112 336
1 585
1 813
2 374 242
1 536
2 911 924
1 130
1 506
1 352
1 513
1 662
1 175
1 537
4 32 363 201 125
1 10
3 414 171 757
1 757
1 66
1 20
2 774 574
1 195
1 833
3 902 195 190
1 32
1 502
1 426
1 739
1 643
1 697
3 386 914 469
1 59
1 849
1 588
1 636
1 205
1 288
1 713
1 271
5 152 943 920 649 996
2 951 104
4 895 602 686 528
1 45
1 505
1 20
1 903
1 26
1 421
1 351
2 337 761
1 986
1 57
1 74
2 950 949
1 256
1 487
1 416
1 143
1 828
2 748 471
1 653
1 452
1 213
1 84
1 765
1 411
2 579 565
1 246
1 431
1 547
1 361
1 370
1 558
1 601
2 919 329
1 881
1 53
1 745
1 576
2 646 940
2 97 728
1 663
1 443
1 233
1 13
1 694
1 348
1 594
1 62
1 774
1 714
2 153 693
2 373 800
3 81 187 502
1 855
1 685
1 526
1 928
3 360 790 186
1 931
1 738
4 807 1 974 386
1 576
1 317
1 137
4 584 573 147 421
1 504
1 386
1 537
1 943
2 2 747
2 747 36
2 353 390
2 499 934
3 112 263 498
3 614 504 310
2 141 933
2 544 910
1 548
1 439
1 688
1 282
1 305
1 466
2 455 548
1 686
2 562 301
1 511
1 151
1 13
1 551
1 537
1 518
1 397
1 625
1 263
1 559
1 213
3 320 563 653
1 842
3 448 931 67
1 74
1 265
2 470 688
3 266 637 761
1 320
1 137
2 8 378
2 831 298
1 184
1 418
1 117
1 665
1 689
1 404
1 417
1 670
1 913
1 371
1 992
1 290
1 713
1 851
2 814 950
1 928
1 728
1 929
6 984 849 641 447 218 83
1 918
1 415
3 611 811 105
1 757
1 438
2 597 444
1 622
1 794
2 879 552
1 974
1 396
1 171
1 809
1 883
1 362
2 203 515
1 513
1 32
1 904
1 365
2 156 563
1 949
2 841 22
2 946 320
1 567
1 349
1 953
1 273
1 294
3 565 527 521
3 106 371 126
1 416
1 140
1 822
1 342
1 681
1 234
1 495
1 643
1 62
1 1
1 105
1 662
1 611
3 391 66 602
1 853
2 845 497
1 436
1 645
1 430
1 318
2 362 677
1 324
1 800
1 381
1 541
1 852
2 611 595
2 677 364
2 892 791
1 642
1 122
1 734
1 868
2 287 494
1 858
1 409
1 522
1 378
5 211 895 778 863 332
4 904 566 204 22
1 497
2 296 46
2 943 626
1 732
1 150
1 297
1 869
1 343
1 703
2 780 803
2 816 770
1 674
1 430
1 193
1 347
3 980 685 647
1 100
3 801 324 160
1 757
1 520
1 572
1 168
1 44
1 815
1 139
1 806
2 120 45
1 875
1 455
1 573
1 757
1 462
1 362
1 707
1 842
1 533
1 8
1 537
3 118 845 254
1 582
2 683 648
1 15
1 211
1 403
1 379
2 318 685
1 652
2 120 392
1 476
2 946 431
1 867
2 852 263
1 263
2 998 511
1 727
1 354
1 222
2 610 327
5 809 310 325 710 813
3 803 2 192
2 5 950
2 613 785
1 394
1 306
1 623
1 722
2 682 314
1 151
1 223
1 448
3 742 207 114
1 330
1 713
2 719 891
1 845
2 518 583
2 716 306
1 653
1 206
1 83
2 482 745
1 233
1 659
1 258
2 590 534
1 876
1 59
2 592 937
1 417
2 75 56
1 736
3 496 709 677
1 832
2 155 767
2 437 529
2 579 20
1 44
1 392
1 785
1 263
1 390
1 785
1 292
5 504 712 71 130 921
2 290 529
1 975
1 824
2 278 650
1 272
1 109
1 641
1 515
1 833
1 306
1 575
1 992
1 392
1 133
3 282 336 431
1 784
1 353
1 885
2 345 581
1 152
5 662 242 387 722 429
3 766 62 552
2 942 525
1 556
1 226
1 663
2 955 688
1 317
4 245 104 308 135
1 907
3 488 715 914
3 640 751 656
2 444 308
1 672
1 780
1 266
2 443 597
1 89
1 41
2 786 470
1 420
1 9
1 386
2 556 957
3 44 703 416
2 28 324
1 485
2 458 763
1 193
1 485
3 986 441 570
1 255
1 671
1 218
1 102
1 592
1 628
1 982
1 135
1 330
1 353
3 333 623 917
1 309
1 498
1 770
1 282
1 540
2 428 924
2 870 411
1 166
2 886 331
1 622
1 243
2 882 763
3 822 460 516
1 265
1 574
1 281
2 211 170
1 999
2 181 491
3 204 408 718
1 32
1 3
1 206
1 157
3 894 10 308
1 605
1 112
1 360
1 595
1 822
1 532
1 826
2 743 440
4 846 693 719 680
2 689 977
1 372
1 383
1 327
1 625
2 189 609
1 607
1 380
1 611
1 612
1 206
2 814 418
1 180
1 550
1 976
1 180
1 375
1 80
4 781 594 805 473
1 897
1 693
1 316
1 615
2 512 838
1 918
1 294
1 774
1 608
1 450
1 120
2 690 130
1 433
1 145
1 441
1 458
1 119
1 6
1 425
1 950
1 339
2 829 280
1 486
1 167
1 32
1 680
2 845 122
1 832
2 898 131
2 518 690
1 823
2 49 482
1 268
1 564
1 416
2 443 379
1 996
1 452
1 659
1 859
1 675
2 823 323
3 461 542 486
2 431 447
1 875
1 813
1 182
1 630
3 332 286 366
2 976 580
2 385 864
3 189 151 77
1 852
1 972
1 923
1 611
1 420
2 724 551
2 413 21
1 727
1 193
3 128 792 264
1 858
1 546
1 563
2 481 350
1 220
2 4 673
2 21 137
1 546
1 913
1 415
1 122
3 517 755 808
1 798
2 637 266
1 757
1 279
1 264
1 132
1 15
1 105
1 646
2 835 41
1 316
2 938 41
1 950
1 44
2 269 561
2 436 655
1 369
3 880 356 478
1 760
2 632 109
1 638
3 840 292 222
1 482
3 476 42 826
2 687 355
1 124
1 269
1 568
1 352
1 587
2 327 92
5 973 911 582 75 611
1 10
1 116
1 427
5 703 114 420 389 199
1 705
1 932
1 531
1 681
2 791 107
1 920
1 759
3 911 541 200
1 273
3 275 729 976
1 92
2 915 841
