655
1 852
1 674
1 683
1 891
1 100
1 370
1 790
1 25
1 439
1 758
1 797
1 877
1 469
1 168
1 48
1 225
1 100
1 218
1 791
1 540
1 11
1 724
1 435
1 855
1 769
1 215
1 311
1 904
1 469
1 873
1 256
1 146
1 299
1 899
1 509
1 24
1 376
1 201
1 586
1 688
1 725
1 187
1 804
1 484
1 482
1 698
1 427
1 618
1 34
1 605
1 724
1 361
1 611
1 103
1 455
1 915
1 42
1 651
1 434
1 262
1 856
1 51
1 208
1 840
1 737
1 112
1 962
1 755
1 232
1 432
1 211
1 762
1 335
1 549
1 472
1 322
1 367
1 592
1 78
1 122
1 926
1 756
1 164
1 698
1 18
1 478
1 297
1 246
1 403
1 894
1 324
1 35
1 346
1 343
1 356
1 152
1 721
1 780
1 614
1 404
1 104
1 153
1 385
1 792
1 431
1 146
1 592
1 641
1 387
1 388
1 587
1 564
1 563
1 559
1 543
1 390
1 331
1 397
1 316
1 435
1 849
1 18
1 851
1 750
1 503
1 485
1 473
1 122
1 986
1 343
1 456
1 697
1 595
1 929
1 784
1 301
1 522
1 101
1 81
1 512
1 728
1 684
1 356
1 447
1 301
1 62
1 926
1 390
1 289
1 88
1 238
1 504
1 77
1 730
1 755
1 573
1 923
1 796
1 588
1 713
1 675
1 677
1 71
1 75
1 9
1 548
1 972
1 195
1 17
1 686
1 787
1 42
1 696
1 857
1 736
1 212
1 1
1 839
1 522
1 40
1 582
1 418
1 353
1 575
1 640
1 854
1 831
1 258
1 942
1 405
1 588
1 466
1 701
1 778
1 918
1 14
1 539
1 108
1 557
1 808
1 47
1 960
1 483
1 881
1 685
1 435
1 352
1 967
1 217
1 487
1 200
1 801
1 149
1 940
1 716
1 421
1 722
1 193
1 162
1 521
1 246
1 352
1 855
1 631
1 753
1 635
1 876
1 95
1 709
1 562
1 110
1 147
1 667
1 419
1 225
1 194
1 52
1 962
1 71
1 951
1 279
1 458
1 634
1 216
1 701
1 947
1 357
1 178
2 446 302
1 994
1 612
1 463
1 438
1 962
1 210
1 560
1 290
1 645
1 101
1 102
1 480
1 841
1 360
1 842
1 947
1 317
1 285
1 178
1 658
1 431
1 647
1 612
1 522
1 238
1 822
1 446
1 665
1 247
1 85
1 943
1 616
1 852
1 425
1 755
1 970
1 625
1 121
1 272
1 989
1 232
1 694
1 554
1 484
1 986
1 798
1 401
1 963
1 632
1 441
1 207
1 963
1 687
1 425
1 550
1 495
1 911
1 815
1 91
1 760
1 317
1 501
1 958
1 390
1 702
1 310
1 42
1 199
1 329
1 829
1 762
1 844
1 437
1 857
1 612
1 922
1 316
1 611
1 810
1 350
1 650
1 420
1 662
1 378
1 609
1 974
1 72
1 143
1 723
1 98
1 135
1 64
1 98
1 920
1 568
1 57
1 868
1 226
1 14
1 910
1 328
1 329
1 25
1 228
1 568
1 139
1 4
1 71
1 639
1 484
1 91
1 742
1 658
1 999
1 469
1 179
1 843
1 458
1 137
1 89
1 738
1 347
1 501
1 534
1 673
1 12
1 765
1 826
1 395
1 666
1 192
1 942
1 470
1 23
1 527
1 104
1 876
1 841
1 540
1 824
1 854
1 122
1 162
1 364
1 354
1 810
1 493
1 843
1 675
1 767
1 743
1 1000
1 867
1 805
1 855
1 901
1 538
1 797
1 47
1 545
1 274
1 901
1 810
1 587
1 241
1 628
1 263
1 303
1 60
1 816
1 550
1 12
1 448
1 804
1 20
1 780
1 877
1 656
1 357
1 460
1 95
1 597
1 882
1 918
1 91
1 841
1 148
1 699
1 854
1 888
1 325
1 386
1 956
1 213
1 828
1 650
1 756
1 817
1 964
1 200
1 165
1 516
1 517
1 600
1 321
1 556
1 855
1 246
1 729
1 690
1 587
1 425
1 947
1 608
1 207
1 469
1 549
1 337
1 561
1 752
1 993
1 997
1 634
1 941
1 559
1 263
1 208
1 238
1 789
1 141
1 975
1 370
1 837
1 247
1 503
1 858
1 688
1 753
1 359
1 683
1 552
1 818
1 170
1 338
1 842
1 69
1 347
1 626
1 658
1 109
1 758
1 135
1 84
1 644
1 323
1 314
1 779
1 748
1 443
1 831
1 306
1 176
1 206
1 289
1 257
1 307
1 310
1 986
1 226
1 698
1 399
1 19
1 684
1 810
1 752
1 600
1 434
1 896
1 220
1 718
1 915
1 779
1 869
1 570
1 365
1 21
1 119
1 733
1 867
1 568
1 920
1 858
1 465
1 733
1 646
1 789
1 280
1 34
1 295
1 922
1 240
1 106
1 629
1 116
1 790
1 175
1 194
1 213
1 760
1 304
1 492
1 218
1 967
1 399
1 99
1 69
1 649
1 550
1 717
1 903
1 474
1 275
1 917
1 673
1 403
1 681
1 570
1 622
1 116
1 970
1 624
1 306
1 810
1 407
1 78
1 850
1 944
1 3
1 895
1 760
1 117
1 90
1 71
1 229
1 622
1 556
1 189
1 45
1 139
1 935
1 765
1 264
1 490
1 75
1 55
1 38
1 384
1 819
1 514
1 916
1 677
1 660
1 725
1 820
1 477
1 229
1 850
1 297
1 316
1 988
1 39
1 533
1 520
1 214
1 619
1 147
1 501
1 666
1 392
1 80
1 624
1 59
1 70
1 528
1 354
1 733
1 214
1 565
1 622
1 215
1 245
1 494
1 477
1 82
1 155
1 430
1 276
1 214
1 783
1 575
1 837
1 379
1 744
1 60
1 907
1 386
