423
1 115
4 464 561 674 416
1 675
1 910
2 55 969
1 763
1 433
3 233 876 975
1 940
1 463
3 622 709 640
2 822 230
3 410 574 733
1 152
4 294 899 828 881
6 525 485 536 680 896 472
1 323
4 219 742 639 298
1 506
1 598
2 874 655
2 362 844
1 11
4 713 60 278 26
1 886
1 444
3 318 759 565
1 787
1 907
1 262
1 437
1 661
1 855
1 344
1 22
1 658
1 871
1 129
1 506
1 770
4 154 504 187 869
2 185 24
2 82 120
1 671
1 488
3 729 409 772
2 998 82
1 219
2 404 234
1 266
2 437 618
2 338 317
4 506 78 467 422
1 719
1 387
5 171 33 230 267 239
4 381 206 439 10
2 70 817
1 990
1 628
2 15 862
3 328 592 399
2 236 875
1 637
1 769
2 175 952
3 40 300 886
1 510
1 845
1 766
3 290 587 815
3 311 772 446
1 190
1 780
2 243 281
1 368
1 711
1 706
2 25 423
1 99
1 300
1 735
2 285 544
2 388 323
1 600
2 301 884
1 465
1 965
1 294
1 224
1 120
2 671 348
1 384
1 76
3 305 659 813
2 268 853
4 714 512 443 297
2 225 767
6 274 713 27 62 367 881
1 65
4 290 390 558 402
1 389
2 475 947
3 612 653 118
1 982
1 828
1 356
7 346 784 467 767 223 282 713
1 185
1 533
1 858
3 463 992 420
2 11 978
3 937 587 287
1 199
2 69 595
1 761
2 508 788
2 165 765
1 998
2 275 247
1 859
1 706
1 94
3 201 208 802
3 889 891 538
1 186
2 638 853
1 75
1 93
3 122 875 189
2 628 149
1 177
6 140 750 858 231 140 473
5 367 273 833 86 557
1 420
2 179 842
6 745 703 258 58 883 887
4 397 968 564 830
2 647 246
2 519 855
2 879 716
1 265
3 638 969 851
1 751
3 582 658 456
1 5
3 410 473 693
2 97 767
1 374
5 646 18 857 81 589
1 336
1 856
1 843
1 691
1 451
2 744 773
1 409
2 400 704
1 407
3 520 665 290
2 215 780
1 895
1 558
1 424
2 621 572
4 326 403 563 249
3 120 317 814
5 380 585 626 941 38
1 544
3 374 970 960
2 213 430
1 443
1 345
2 234 726
3 300 826 558
3 825 814 197
2 784 280
1 672
2 768 606
2 826 22
2 852 173
2 785 889
3 427 919 653
1 339
2 965 212
1 470
1 69
7 164 752 744 461 771 99 371
2 97 459
1 287
1 225
3 905 547 649
2 24 837
1 458
7 763 832 50 535 228 220 487
2 446 766
1 959
4 834 564 582 682
1 489
2 671 685
3 914 615 246
1 398
1 256
2 664 653
4 303 397 371 284
4 807 375 946 127
3 912 204 29
3 267 865 255
2 165 45
6 535 310 593 833 356 11
1 248
3 857 724 951
1 93
3 313 463 52
1 138
1 324
1 341
1 681
2 489 199
1 870
1 7
1 400
2 758 338
6 69 368 116 603 46 626
2 248 889
4 364 654 174 593
1 23
1 911
5 655 96 561 299 487
1 791
3 210 764 588
1 544
1 627
2 482 295
1 373
4 754 213 192 919
4 546 987 148 447
4 955 603 883 231
2 992 53
1 875
1 628
3 701 455 415
3 176 836 816
1 13
2 397 864
2 257 768
1 908
7 100 912 262 189 180 586 626
1 727
1 95
3 991 213 820
1 496
1 94
2 605 929
3 300 589 600
1 218
3 144 379 177
1 410
1 11
2 492 21
4 583 185 359 795
2 880 194
1 378
1 117
5 660 329 625 390 993
3 591 98 134
1 221
1 751
1 725
3 748 659 183
3 399 197 973
3 488 116 157
1 714
1 567
1 861
5 940 997 19 452 993
2 894 502
1 76
3 287 856 949
1 55
2 909 459
1 738
4 335 87 725 57
1 311
1 864
1 659
3 914 486 189
2 900 703
1 210
1 857
3 194 825 696
2 654 431
1 550
1 639
7 98 967 594 498 522 53 137
3 963 908 165
1 870
1 252
1 491
2 508 68
1 839
3 271 180 67
2 828 850
2 304 624
1 353
1 14
1 344
2 836 504
1 521
1 452
1 881
2 13 829
2 572 607
1 630
3 27 241 220
1 337
1 842
1 762
3 608 464 796
1 994
1 251
1 561
3 147 244 136
2 853 326
1 737
2 741 226
2 712 993
4 925 721 70 855
3 35 385 416
1 574
1 820
1 851
1 162
2 717 238
2 894 109
1 605
1 739
1 588
1 74
1 456
1 115
1 889
2 748 57
2 519 649
4 267 252 466 603
1 289
1 692
4 705 897 566 800
1 501
3 849 914 361
3 92 537 840
1 711
1 162
2 441 374
1 451
4 744 166 220 985
3 455 292 758
4 249 876 976 52
3 891 300 413
6 839 979 313 599 725 898
2 18 534
2 218 191
1 961
4 536 775 292 560
1 552
1 473
2 144 432
1 870
3 555 357 239
5 819 213 337 536 407
2 383 455
1 295
1 182
3 710 504 763
1 111
4 807 854 589 312
1 545
1 619
2 435 535
1 537
3 618 12 97
2 947 479
1 773
1 269
1 926
1 225
1 124
1 528
1 393
3 822 300 105
1 549
4 128 9 519 745
1 518
2 329 400
1 260
3 196 12 757
9 762 35 506 582 640 228 84 235 62
1 46
1 819
1 446
1 430
2 144 937
1 973
2 609 116
2 704 498
4 495 294 274 316
5 561 433 901 507 696
1 70
7 418 153 635 603 153 449 952
2 261 945
1 777
1 608
1 623
4 753 20 905 728
1 281
1 601
3 887 281 89
1 837
1 339
5 288 553 615 33 322
2 665 368
1 876
