55 6776
48 10
55 44
8 36
20 5
20 33
13 51
27 13
6 11
54 25
15 24
24 6
18 7
38 5
47 46
22 34
47 7
51 28
43 48
33 2
9 52
51 30
8 52
9 40
19 33
19 22
16 49
54 50
45 44
31 46
43 22
19 47
35 5
42 44
50 44
17 51
54 24
31 1
41 40
9 26
50 53
32 49
49 53
12 7
12 39
21 3
37 51
41 14
51 7
23 2
2 49
29 18
37 26
3 17
4 32
1 45 15 14
5 3 11 11
22 23 13 15
38 32 1 50
21 18 30 6
26 23 49 1
48 46 24 43
15 24 49 20
3 12 22 30
26 7 51 31
35 7 27 53
33 8 6 30
47 17 44 31
13 30 2 21
36 33 32 9
10 51 52 50
31 51 26 38
30 31 8 47
1 15 13 9
36 12 9 25
7 18 16 22
15 22 30 38
48 38 11 22
38 27 13 46
30 33 8 12
24 32 8 52
27 52 36 15
26 1 25 21
12 30 10 44
52 8 55 22
4 39 16 40
4 8 42 46
1 31 53 51
19 48 26 11
46 40 2 33
55 55 25 31
3 41 52 11
11 31 19 34
9 29 4 49
10 51 24 9
55 2 51 36
10 39 9 52
52 34 24 47
40 45 24 35
16 35 14 25
19 27 40 44
26 11 28 35
12 10 17 35
48 30 5 50
16 33 24 8
25 41 5 29
50 9 25 51
48 52 8 41
2 23 41 44
38 19 30 50
14 1 30 17
55 18 8 38
19 5 25 25
19 45 15 23
53 48 50 29
54 22 33 45
12 39 3 49
1 17 16 41
33 3 28 47
13 24 39 31
10 3 53 54
35 34 23 43
3 37 6 13
31 32 19 27
3 33 25 36
15 31 2 36
55 42 38 40
12 52 48 5
16 18 13 26
1 23 33 28
25 22 45 25
4 43 39 35
44 24 1 22
31 28 19 49
19 50 42 48
52 34 5 29
42 5 13 34
35 43 11 4
28 1 11 1
6 14 39 32
31 22 16 23
2 6 40 18
22 33 35 30
46 32 14 9
53 40 45 54
4 35 46 5
45 23 35 22
18 11 27 20
2 49 18 13
54 22 45 39
40 8 7 47
50 21 14 54
48 36 30 9
14 48 3 55
49 55 49 53
11 6 23 8
1 34 1 1
25 23 26 54
17 39 45 50
16 28 55 10
32 19 23 53
8 32 27 17
42 32 55 40
27 2 3 8
30 25 14 38
21 43 4 40
20 1 14 30
20 53 27 30
38 37 30 49
29 32 33 2
48 25 13 19
4 51 7 53
14 55 8 6
52 2 24 40
27 23 49 33
55 1 18 46
52 33 32 14
4 10 3 1
29 23 14 50
38 49 49 8
14 31 49 29
17 10 54 39
20 32 23 31
1 31 7 11
35 19 22 5
7 44 28 4
40 5 2 45
28 27 39 17
5 31 2 48
44 37 11 40
5 47 8 18
6 36 48 12
5 12 29 28
32 7 42 45
12 52 32 40
37 23 31 20
12 6 21 55
54 32 11 39
27 3 43 20
37 2 2 16
13 44 51 43
34 32 13 34
20 49 28 53
51 9 54 48
33 55 36 16
21 53 20 43
40 39 16 2
40 31 13 19
20 28 6 15
39 25 9 47
41 1 39 33
4 11 55 21
40 20 7 29
45 9 11 50
13 1 24 51
15 46 1 14
47 38 25 5
3 35 19 13
54 8 27 29
52 43 25 2
3 14 17 15
20 21 45 16
34 43 55 13
43 20 7 43
50 8 3 41
34 2 18 32
36 38 11 31
12 17 45 2
38 38 7 45
39 28 54 39
37 4 53 8
32 44 9 14
30 55 13 19
36 53 10 43
13 41 43 25
4 50 14 28
25 14 18 41
20 14 42 17
36 17 6 15
47 45 50 38
37 37 42 15
42 28 6 14
10 26 16 9
6 37 26 48
16 37 3 44
9 13 53 50
32 33 35 33
48 25 10 14
42 26 8 1
51 1 16 35
36 48 23 2
15 4 29 53
29 55 52 30
38 12 24 39
40 18 53 11
23 54 51 35
19 31 53 7
23 41 3 7
32 15 51 42
4 3 12 31
44 7 2 31
53 17 3 15
53 28 11 47
8 33 24 1
10 40 1 24
55 55 14 34
20 16 14 1
49 27 25 42
35 16 26 42
8 19 35 51
40 23 52 26
16 27 39 12
22 24 19 42
24 40 4 49
38 2 21 11
20 35 2 9
51 32 38 7
40 49 16 3
35 23 38 30
44 13 39 53
4 55 21 12
24 42 47 37
13 48 44 28
28 53 16 3
8 15 42 46
25 50 51 20
8 13 28 55
22 53 45 37
44 7 23 20
50 32 22 41
54 7 18 9
6 5 23 42
33 46 20 38
33 29 51 16
4 18 30 41
23 23 20 22
45 10 15 32
38 18 55 38
41 23 43 26
25 35 53 34
43 41 43 6
27 1 17 54
35 40 48 7
32 27 17 50
2 36 2 5
39 19 43 45
43 30 27 23
1 14 35 10
31 23 54 4
52 12 33 10
46 31 9 13
13 51 41 39
16 8 36 46
32 31 42 39
11 23 30 22
31 41 31 9
36 25 22 7
22 49 11 36
33 30 16 19
27 21 23 14
23 45 41 44
55 28 54 41
34 30 11 31
35 47 13 9
41 12 32 13
46 33 40 48
39 50 44 6
42 40 52 13
11 28 32 46
39 51 33 8
1 9 51 51
23 28 53 46
19 21 5 49
7 26 45 23
25 20 30 11
18 39 8 13
32 54 54 41
4 55 43 41
46 10 28 50
23 47 14 3
33 42 34 14
2 3 39 38
52 51 49 10
26 55 39 26
11 49 11 2
13 47 24 43
23 20 33 18
53 40 51 43
48 5 40 54
36 20 46 41
35 7 34 44
35 5 20 12
16 30 35 33
5 26 19 55
53 7 20 28
1 38 47 21
50 36 48 31
47 34 1 7
29 34 14 2
8 37 31 54
18 32 46 37
27 1 12 27
49 53 41 7
37 34 51 46
38 35 32 16
53 21 39 40
44 20 43 50
33 10 52 27
36 11 36 53
44 52 12 45
40 54 5 23
3 34 42 11
22 25 26 15
36 1 24 18
18 52 26 15
16 55 23 21
8 40 11 32
5 21 42 37
37 46 46 6
46 44 27 28
39 42 26 3
23 14 55 12
8 50 20 53
18 24 16 40
42 22 50 8
2 34 5 28
41 50 49 53
10 6 8 24
13 17 32 30
9 27 4 43
23 51 17 48
42 16 10 5
12 18 25 9
39 17 29 27
28 24 11 49
27 20 54 47
16 41 35 22
47 5 47 53
43 1 21 43
52 38 37 49
34 54 35 3
28 45 25 31
17 10 50 12
15 11 39 24
2 5 34 1
15 31 41 53
22 26 40 34
25 29 30 50
53 41 14 7
49 11 3 54
51 20 26 45
42 38 53 41
18 5 50 29
14 34 26 49
12 48 21 18
5 11 48 40
6 39 54 19
38 7 55 28
44 13 15 42
36 25 5 1
36 36 33 2
20 54 49 3
55 9 19 6
34 13 5 22
36 32 49 19
51 46 50 29
51 16 54 36
29 31 51 22
48 4 39 33
6 50 15 40
42 46 39 35
15 1 49 44
3 45 41 49
32 45 22 45
13 50 3 48
29 52 26 16
49 44 31 33
8 5 46 15
31 52 55 52
7 53 45 38
37 34 54 54
8 19 17 35
41 40 2 40
23 41 42 25
20 40 48 17
2 26 54 3
20 55 45 8
31 11 29 54
33 17 49 24
19 9 5 50
53 44 27 46
36 54 21 2
20 26 20 17
43 31 54 4
44 23 25 21
5 17 20 31
28 1 31 7
12 20 5 51
3 3 26 22
29 11 1 50
15 26 29 23
50 8 33 43
31 33 45 32
39 11 45 50
53 18 31 44
41 20 25 10
39 55 48 39
7 16 24 16
13 10 35 40
46 50 4 22
22 19 50 43
18 4 52 31
42 1 36 48
32 20 8 13
1 37 15 6
2 1 31 45
30 5 7 41
24 24 4 48
48 29 18 55
38 28 23 9
11 34 32 19
3 22 34 51
40 12 17 5
38 49 31 39
3 14 50 21
53 36 35 30
20 12 18 35
3 32 22 35
35 30 15 4
13 21 19 12
36 35 24 37
33 3 2 16
47 39 45 27
14 47 28 22
27 2 36 20
46 52 26 21
23 52 44 19
43 46 55 38
18 32 16 9
12 51 48 41
2 48 43 1
23 55 51 33
3 4 13 3
16 40 1 22
28 36 45 55
7 35 33 1
53 3 38 9
46 24 8 24
18 12 6 28
15 38 42 44
39 16 10 41
5 51 18 46
39 13 55 53
6 18 14 21
37 52 25 45
17 3 4 14
6 13 22 13
4 19 35 29
38 53 5 4
2 1 47 55
29 16 23 55
10 55 15 25
37 10 11 28
39 49 27 41
40 32 11 14
52 37 17 35
27 20 50 16
14 38 3 34
53 30 41 32
54 10 20 18
11 4 25 52
20 20 27 5
22 22 9 49
12 34 5 2
17 34 49 32
4 46 6 2
2 4 45 48
30 18 14 34
27 50 45 36
16 6 9 26
18 13 27 13
23 20 48 7
6 3 10 2
16 35 30 24
2 51 48 17
37 7 6 8
33 28 15 9
54 9 46 36
28 31 42 55
50 27 50 30
3 22 15 16
7 13 45 49
17 25 36 20
20 29 33 1
7 19 19 18
15 37 25 38
18 20 8 12
25 23 44 45
49 42 24 30
16 3 1 36
10 21 52 46
26 26 1 41
22 21 6 27
44 41 55 24
34 26 5 34
35 8 14 29
33 36 9 6
21 44 47 22
36 49 26 48
36 9 37 14
38 5 20 47
52 12 13 29
54 30 20 36
51 24 42 14
38 13 6 37
13 2 17 22
17 16 44 46
21 27 10 36
9 18 9 50
45 50 29 6
45 25 16 35
26 8 12 48
27 40 35 31
9 16 17 47
52 44 23 15
16 1 34 29
42 9 31 40
48 19 42 43
55 5 4 26
11 16 33 30
43 24 33 52
34 8 49 50
37 21 40 4
24 43 9 55
25 5 2 25
8 14 48 18
27 23 33 34
10 2 51 16
4 48 15 27
27 8 29 8
17 43 22 36
37 38 44 5
31 49 1 19
9 30 20 49
6 1 12 25
4 38 1 44
16 22 40 46
27 52 50 29
46 10 40 52
46 44 34 14
15 13 42 16
45 28 10 12
52 18 35 35
2 7 5 16
28 23 9 35
25 16 16 50
14 35 31 46
39 47 53 13
50 29 36 12
32 9 2 25
5 46 26 3
36 40 32 7
52 44 5 50
52 50 32 55
21 11 3 42
47 46 15 29
47 51 44 16
9 11 14 2
45 37 41 6
2 18 4 20
19 28 16 40
47 7 22 52
33 49 1 33
40 12 28 11
27 34 51 53
55 7 23 28
25 29 36 4
7 26 18 55
21 23 39 50
11 46 7 20
48 28 13 5
37 40 5 2
55 21 17 14
25 29 30 26
43 45 28 3
4 24 45 5
15 16 48 3
53 10 5 24
36 15 9 44
9 55 51 43
27 6 55 3
17 6 30 11
24 36 42 6
28 9 4 49
33 53 54 33
51 15 2 49
29 43 33 29
29 23 46 48
27 37 29 44
14 31 53 48
47 22 26 40
49 5 20 30
14 33 32 19
1 20 48 47
32 17 8 18
44 53 11 43
35 53 15 33
7 53 46 19
18 8 50 12
14 14 14 51
28 11 40 17
14 25 51 35
14 4 2 30
5 39 25 1
4 34 39 41
54 4 13 32
39 36 24 45
3 7 21 32
31 4 23 23
21 9 11 14
6 3 34 32
17 5 26 43
28 10 38 49
19 47 7 30
46 9 6 54
26 51 34 14
13 49 8 31
18 30 25 27
53 8 5 33
53 33 38 40
37 12 37 50
54 24 34 20
22 20 40 15
39 55 1 51
6 34 8 3
46 39 14 49
18 17 53 19
22 25 19 6
7 37 5 39
46 6 19 51
53 28 4 3
35 13 40 31
42 48 55 6
52 47 37 37
43 20 53 46
12 49 7 8
44 5 10 14
39 34 31 26
11 35 38 10
25 38 54 42
13 26 6 3
2 35 47 25
22 38 42 35
3 3 37 35
7 1 12 33
2 10 7 49
35 19 47 33
22 9 24 27
8 10 39 3
3 11 41 19
14 49 29 8
51 48 53 53
12 17 44 48
37 22 44 53
27 43 47 22
34 42 4 20
45 38 37 14
55 11 51 23
14 29 24 10
20 50 52 52
20 49 20 35
41 23 3 54
26 10 53 10
13 40 55 29
25 52 5 45
45 54 26 50
31 47 23 47
28 30 24 47
47 48 26 36
43 6 52 25
55 33 40 33
5 2 36 33
4 44 43 19
48 4 54 19
7 50 49 42
27 39 5 51
15 16 23 4
37 40 12 31
28 48 1 20
24 37 35 10
42 53 19 34
14 9 27 38
42 2 34 45
26 33 26 36
29 2 39 30
46 5 46 10
48 30 51 31
33 51 50 3
50 29 18 8
33 36 9 41
7 17 43 24
12 51 40 44
18 33 23 30
14 9 29 55
8 22 43 33
48 16 24 24
17 43 5 35
32 51 2 41
2 31 5 25
14 11 10 18
38 33 10 23
26 22 2 51
9 49 19 32
4 48 12 25
4 39 35 31
42 6 45 38
19 10 33 26
12 31 9 32
27 8 13 55
22 6 37 52
16 23 35 9
1 44 47 15
55 38 3 22
53 21 5 3
37 37 40 32
31 41 37 33
20 30 5 8
7 50 7 12
51 21 18 19
29 35 16 4
12 42 16 44
38 4 15 6
30 7 49 38
51 31 32 45
22 1 47 27
7 44 45 33
14 4 1 32
15 40 7 43
37 31 7 32
37 15 41 32
34 8 13 45
17 36 19 53
44 51 1 25
43 34 30 34
44 22 2 23
39 13 17 50
34 39 28 4
29 53 35 17
30 46 27 19
48 38 9 10
19 41 50 7
4 5 23 41
36 54 13 37
55 25 5 46
35 35 31 28
6 51 55 30
2 2 3 25
35 36 38 18
7 32 16 22
43 19 21 40
39 30 33 25
2 5 7 45
20 55 27 52
30 19 5 13
13 32 12 39
15 23 53 17
12 32 24 16
50 38 3 3
41 48 9 43
48 17 39 26
35 51 6 32
14 1 44 49
18 26 10 9
43 4 53 26
26 32 55 18
42 55 13 53
47 25 14 33
55 13 54 32
9 2 18 8
8 44 11 41
53 54 40 50
55 15 20 40
32 23 10 35
12 6 52 45
27 49 55 44
52 27 24 40
50 39 23 38
48 29 24 6
22 33 8 19
4 34 42 1
44 22 19 54
16 23 45 47
10 52 18 15
3 40 12 24
16 25 24 7
46 19 31 14
1 28 41 11
13 34 5 27
25 1 31 14
29 55 35 15
42 42 26 16
53 28 28 23
39 40 4 29
2 20 43 27
12 35 3 8
17 24 20 52
38 41 17 33
14 3 3 7
51 13 28 28
15 32 8 18
34 53 46 1
29 23 13 12
41 42 55 27
26 40 35 10
55 12 24 11
17 32 39 34
26 37 14 47
4 13 54 7
49 40 23 40
34 20 48 38
20 54 5 33
17 29 51 12
45 31 23 36
43 46 18 52
54 32 34 15
36 54 45 38
35 42 20 32
2 45 30 23
45 39 18 23
1 14 30 35
13 17 34 34
17 27 49 38
10 44 26 32
48 54 37 52
7 23 54 42
31 21 37 52
3 47 7 48
38 46 6 24
40 28 9 51
7 6 54 49
41 4 16 53
48 17 22 8
46 14 38 15
33 54 31 10
1 45 11 39
49 29 19 5
22 43 40 17
10 21 30 33
37 47 22 35
49 18 53 52
28 10 44 2
49 31 11 30
52 46 24 30
39 52 36 7
5 44 28 29
19 15 52 8
19 36 1 16
39 18 25 13
31 48 24 34
54 13 19 14
23 21 10 41
9 2 43 2
45 46 22 5
54 28 28 17
9 39 17 49
38 41 35 4
21 19 47 12
5 8 16 36
37 40 53 17
10 35 30 23
27 42 16 27
21 2 21 41
10 23 46 42
45 6 46 46
50 17 50 48
25 37 53 8
7 33 39 25
29 51 15 41
25 33 50 19
23 40 26 2
42 36 52 55
34 33 35 14
52 52 17 27
18 53 36 36
2 15 16 5
46 2 3 37
33 47 41 42
28 12 25 36
4 55 28 25
34 3 32 45
27 55 36 48
36 37 35 16
12 40 17 42
39 44 5 15
26 18 7 30
27 55 44 31
31 42 50 37
40 43 17 6
13 49 37 51
28 51 25 30
19 37 43 22
49 2 51 19
44 26 52 9
16 51 31 53
34 48 15 51
43 24 48 32
17 13 9 36
15 7 29 24
16 45 9 36
41 13 32 50
15 49 27 34
41 15 52 18
22 52 48 52
40 7 3 7
41 41 8 55
11 7 11 11
2 17 49 52
28 37 3 7
43 49 52 16
4 32 20 9
51 44 20 39
41 38 18 43
4 22 50 17
31 10 23 25
27 21 25 37
36 36 31 1
47 2 51 54
2 33 25 23
47 44 48 3
3 34 5 46
28 55 19 40
55 32 2 43
46 45 1 2
55 6 23 26
41 7 54 8
11 13 50 7
47 9 33 54
41 36 6 23
13 43 49 41
8 50 49 52
3 9 21 3
53 42 31 18
24 29 53 20
48 2 6 52
5 20 54 17
43 33 53 7
13 20 11 18
18 35 42 30
47 10 45 30
49 4 43 29
27 35 39 31
42 14 33 15
17 50 1 49
47 8 36 39
49 5 12 6
26 10 16 53
24 55 4 6
41 26 42 39
30 10 45 41
49 12 44 26
52 35 16 12
37 13 26 34
54 4 6 29
32 45 48 31
21 23 43 2
12 17 5 20
14 51 8 21
36 3 35 52
30 50 23 6
4 1 51 6
48 51 12 33
52 51 26 9
40 38 52 28
28 14 14 53
51 8 13 9
18 14 22 45
41 19 39 41
8 50 23 43
39 6 38 47
46 44 49 5
9 3 15 55
38 12 14 14
53 18 10 6
36 54 52 54
45 33 41 54
48 49 7 40
37 48 13 20
13 38 29 47
14 33 33 38
33 33 4 52
35 36 53 17
28 18 30 41
47 18 12 2
10 35 16 44
9 3 31 46
41 36 27 47
19 31 39 23
11 18 7 17
44 41 23 26
30 7 26 32
49 44 29 36
19 49 34 46
37 31 39 26
30 8 30 10
35 28 17 31
20 1 21 28
22 6 2 24
33 11 54 25
3 21 24 49
18 41 23 20
40 2 40 22
25 1 1 24
49 20 54 45
46 14 54 31
38 3 42 20
39 2 48 54
52 17 31 44
2 1 49 40
1 45 25 27
7 4 23 48
32 5 32 30
12 32 39 22
18 14 45 44
12 40 31 40
33 52 14 11
40 7 9 52
5 1 29 22
36 39 52 14
44 13 29 36
14 26 34 52
18 4 55 38
14 34 11 39
34 50 34 5
43 8 32 6
50 31 25 51
54 18 13 53
33 1 46 33
8 53 45 1
22 7 39 16
25 12 39 2
21 15 52 9
29 10 25 30
2 33 54 45
20 9 50 30
53 42 42 18
41 8 41 42
27 24 26 20
28 4 18 45
42 36 13 27
4 16 9 16
18 47 5 43
29 45 46 18
2 46 2 32
6 19 20 53
36 45 6 12
15 41 20 17
33 53 18 39
43 51 9 52
7 49 4 38
46 8 3 3
12 24 9 49
43 35 36 5
33 37 52 15
51 53 45 17
55 44 52 14
23 27 26 17
40 38 50 14
34 55 49 48
50 31 26 6
51 40 54 42
43 22 20 14
38 13 39 48
31 51 1 54
44 20 33 44
22 18 6 35
36 22 23 18
23 55 19 35
3 18 40 24
4 37 6 18
30 22 3 33
29 2 52 35
14 13 25 27
18 19 54 19
44 18 17 11
50 47 38 40
20 7 19 48
19 41 19 34
21 52 7 30
10 4 26 40
43 12 41 44
42 3 11 13
52 49 28 45
4 21 55 53
15 33 5 52
46 2 40 14
18 16 38 51
35 54 55 30
30 12 9 41
36 33 30 53
22 8 2 38
12 11 53 8
43 1 10 18
54 22 4 49
11 47 54 26
8 43 31 17
21 33 26 5
54 49 42 36
40 44 51 35
5 38 52 53
12 9 55 48
6 26 30 9
27 48 20 42
31 18 36 23
4 30 37 7
26 45 48 36
32 14 17 36
32 19 24 2
1 33 28 12
14 28 9 32
30 12 13 47
24 12 36 28
11 7 53 13
14 28 12 11
41 1 28 23
48 10 31 32
33 41 35 11
10 13 22 35
1 21 5 16
2 26 34 10
37 45 28 3
22 42 4 38
34 39 1 18
55 10 32 46
42 40 33 41
18 6 47 2
49 38 2 28
10 39 14 18
23 24 47 40
47 36 21 34
41 48 43 33
40 27 38 16
19 41 33 43
23 47 38 17
42 10 14 6
30 9 11 4
38 14 12 30
55 3 1 3
40 37 1 48
28 16 39 42
28 15 28 53
32 7 24 47
32 46 17 21
51 15 23 29
3 1 23 2
10 19 31 36
24 5 45 16
7 3 47 2
43 50 43 49
27 26 32 6
24 25 54 4
25 9 50 38
55 26 21 16
32 17 35 18
28 32 4 16
50 43 19 8
1 5 30 24
27 34 20 37
8 50 18 18
43 28 4 24
10 17 35 40
52 32 10 49
51 53 6 55
32 36 51 43
14 25 54 39
22 26 12 51
3 21 25 19
7 32 13 23
47 1 38 12
48 7 22 17
21 15 51 38
42 11 2 32
44 50 35 26
13 34 22 46
2 50 24 36
33 5 51 9
12 16 38 14
15 38 17 37
16 52 51 51
46 23 11 9
29 31 20 41
19 43 21 49
5 49 41 41
45 12 17 2
49 50 7 5
25 39 6 23
47 13 53 45
46 46 23 37
30 42 3 10
4 22 11 43
14 12 37 55
32 24 36 30
23 41 2 3
28 14 26 12
29 1 35 2
27 2 9 50
24 18 33 21
8 33 34 22
44 19 24 46
38 53 42 7
45 47 40 1
16 27 34 11
34 7 6 32
17 35 36 14
30 30 54 5
29 10 20 50
45 42 2 44
24 9 36 32
54 5 52 23
43 39 40 37
43 32 4 9
29 29 30 33
37 28 8 9
50 24 30 54
54 17 54 13
11 19 25 9
21 10 25 26
35 53 13 23
43 27 5 1
28 15 4 49
27 37 5 40
1 23 18 19
11 42 5 29
44 6 31 6
17 15 19 19
1 3 15 45
26 11 6 2
6 20 50 17
13 25 19 28
35 41 34 22
50 31 35 29
28 30 9 45
13 17 53 32
1 43 20 4
3 44 9 14
27 6 26 34
6 35 50 35
40 5 20 43
22 28 38 40
2 19 50 5
7 9 33 48
7 42 11 37
48 22 21 37
51 33 44 43
49 39 38 7
20 4 10 37
51 55 15 48
43 12 37 16
19 14 5 1
7 36 11 40
32 34 15 1
27 55 32 6
8 13 37 2
27 2 50 27
16 22 39 11
21 12 3 38
51 19 8 20
6 1 46 48
16 30 43 11
50 23 42 3
10 48 42 15
27 55 24 25
28 22 47 40
42 4 20 17
6 16 28 6
54 14 54 15
50 21 21 21
40 31 46 14
21 47 26 46
40 50 51 52
39 10 41 30
21 33 48 43
13 28 46 28
11 9 6 2
42 36 19 53
10 16 9 20
53 12 2 42
40 1 38 36
19 35 47 12
52 25 47 11
26 4 33 8
9 24 54 21
25 17 34 4
15 10 30 55
34 32 14 24
7 14 54 33
3 3 8 51
11 42 19 35
37 22 38 15
21 51 39 47
11 41 30 41
36 11 38 55
52 30 40 27
47 55 43 11
31 40 38 23
44 36 18 7
22 48 15 8
9 54 49 44
50 10 42 36
46 8 10 1
36 12 39 12
4 46 32 45
7 18 12 54
29 25 38 19
9 48 30 12
27 27 47 5
14 23 42 35
14 51 42 54
16 45 55 39
21 17 3 55
16 48 24 2
30 12 6 52
42 34 1 15
35 27 9 45
6 27 20 16
16 42 33 20
54 36 3 49
3 44 30 2
51 45 20 55
36 46 52 27
16 42 11 23
8 5 10 36
6 36 22 25
39 4 6 22
19 40 32 44
38 15 19 41
19 44 45 17
21 5 41 36
18 51 6 12
35 27 23 29
48 25 23 7
39 6 3 39
5 41 28 3
52 46 38 34
21 4 23 20
8 34 4 16
22 30 11 43
31 16 7 22
52 40 4 46
26 52 42 6
1 48 31 48
49 42 31 45
28 39 18 10
14 28 31 5
29 14 21 30
45 35 31 21
27 8 14 25
52 21 20 51
42 32 38 55
8 11 39 5
8 42 25 40
55 10 18 27
50 29 14 36
18 50 54 31
36 35 53 42
29 44 8 10
27 9 33 8
7 45 10 18
38 7 46 31
10 11 50 7
2 10 30 32
20 19 16 5
34 25 27 28
18 38 31 48
21 38 9 42
11 46 11 32
9 12 47 47
6 30 4 17
41 17 16 29
31 19 13 19
12 41 47 51
46 37 15 36
2 49 30 36
15 32 50 48
41 13 29 28
6 51 26 2
24 14 38 10
5 34 22 44
50 49 3 38
55 19 55 2
13 11 18 13
11 49 53 15
35 13 44 42
25 42 7 27
29 18 42 20
12 2 35 24
53 27 52 7
37 16 18 6
19 49 13 24
2 42 23 35
49 47 38 54
44 53 50 6
28 35 40 19
32 3 38 12
26 38 11 22
54 48 23 29
33 13 7 2
1 38 49 12
14 51 46 33
50 37 46 35
20 18 13 20
38 17 41 27
27 6 5 49
38 38 27 34
27 50 29 34
15 11 22 27
48 45 24 21
41 33 34 44
44 29 43 36
24 23 21 11
6 9 40 40
53 44 17 25
14 38 44 18
53 32 7 45
3 42 40 27
29 15 36 4
32 31 3 8
32 10 34 37
11 6 12 3
13 31 46 15
55 29 14 5
41 48 26 11
39 16 16 4
46 17 12 9
40 28 27 29
39 7 33 7
38 51 55 40
38 47 4 19
7 45 38 42
23 49 44 18
42 11 51 55
1 30 25 43
36 19 21 8
42 15 4 32
31 35 3 13
9 51 20 44
44 9 44 6
52 13 45 15
17 33 31 36
25 10 38 46
30 51 46 45
48 25 50 20
12 7 53 25
43 1 53 42
12 23 47 46
14 50 26 26
5 48 10 1
24 1 54 54
2 23 44 55
5 33 11 30
28 8 8 36
10 9 15 40
25 31 48 28
7 9 48 33
16 11 28 46
39 8 4 9
27 25 13 24
13 30 47 1
40 35 11 9
17 6 3 22
32 48 54 5
19 5 10 35
23 16 3 19
16 14 31 22
20 34 27 19
2 8 41 35
44 51 48 49
21 37 31 30
32 40 30 37
33 20 4 20
52 19 20 39
24 48 50 36
24 39 43 39
21 24 20 1
23 11 41 13
4 44 15 54
2 46 5 29
39 50 44 45
42 11 48 16
37 29 28 46
20 14 19 41
45 37 1 31
38 55 10 3
5 12 38 2
29 30 47 54
8 45 41 21
26 19 25 49
53 15 45 18
37 38 31 31
3 38 48 35
3 53 20 19
50 11 23 32
9 46 33 38
45 50 44 37
14 40 19 14
7 32 55 20
50 45 31 47
46 32 32 53
10 24 20 21
35 31 38 15
8 36 40 18
34 27 11 3
44 5 3 40
41 48 5 42
23 10 29 48
25 55 9 17
52 7 37 2
20 2 43 33
44 7 26 50
21 2 27 29
11 45 7 39
48 10 54 21
45 35 7 8
6 40 35 5
42 53 2 25
54 23 17 13
46 27 37 16
9 19 29 11
11 17 6 21
40 15 1 38
2 18 42 4
7 28 24 44
35 13 13 47
42 39 5 54
50 35 37 12
14 31 34 36
50 3 5 6
41 54 7 39
26 15 39 11
30 46 44 2
3 18 52 22
6 3 14 23
4 8 35 3
3 32 33 21
30 44 15 8
33 25 16 10
43 1 29 2
3 47 23 54
22 24 42 32
22 32 41 45
23 44 37 11
10 23 32 52
25 54 20 52
45 24 8 36
19 18 50 8
6 8 37 48
45 20 21 36
8 16 17 15
11 6 44 28
55 5 15 8
39 20 52 25
13 31 53 22
5 30 54 30
23 15 27 36
33 26 49 8
11 30 25 22
26 29 33 24
23 3 7 21
17 23 54 53
54 45 50 3
52 44 1 32
28 5 28 11
28 17 46 54
17 52 33 7
9 49 13 6
44 44 32 41
26 13 11 9
52 41 47 8
4 22 51 6
29 44 4 11
7 30 20 39
12 10 53 43
42 30 3 47
44 6 23 48
42 1 50 36
19 14 25 8
50 6 29 12
18 9 22 21
14 3 5 4
54 23 13 50
52 5 39 40
18 34 14 15
36 9 8 43
41 31 9 17
7 25 53 6
8 19 41 44
32 8 48 51
14 42 15 3
30 5 9 25
33 39 7 35
22 51 14 37
51 21 12 27
44 52 3 48
23 52 41 51
25 44 54 50
22 18 54 9
15 18 55 29
20 10 7 20
38 34 38 10
10 53 8 8
15 6 21 34
11 11 53 38
35 6 48 10
32 17 49 36
4 40 31 26
11 17 18 13
21 48 34 49
31 48 34 55
23 21 21 25
21 52 43 32
34 18 9 13
23 30 30 4
47 33 18 54
30 11 52 54
19 17 26 15
55 12 26 2
5 20 29 55
16 17 11 32
1 50 37 32
51 47 47 33
23 15 1 10
43 45 23 28
31 55 43 13
43 20 9 23
54 12 20 36
5 51 32 14
31 27 8 4
9 16 35 11
48 49 54 45
16 44 23 43
53 32 40 53
2 19 53 5
25 50 10 9
35 31 22 20
1 40 34 20
17 54 51 16
46 40 36 22
31 7 15 23
35 14 13 26
18 33 36 37
9 5 29 23
2 25 33 16
19 34 17 37
27 5 15 2
29 14 9 9
50 31 38 49
54 21 23 54
9 24 15 35
53 5 10 12
39 17 2 18
35 34 44 54
32 43 54 8
47 46 44 25
6 38 52 37
48 51 43 20
55 13 30 28
20 9 26 42
14 9 11 24
2 15 9 11
20 3 37 22
49 3 20 17
49 50 7 12
46 23 3 22
49 35 48 1
20 40 52 53
17 33 52 14
5 18 21 45
46 13 31 33
5 44 6 52
2 35 42 24
33 36 53 25
25 3 52 40
5 47 52 48
29 45 55 28
18 20 6 34
11 46 20 42
34 12 23 55
32 25 47 17
12 26 32 37
24 36 22 47
53 10 14 35
23 37 24 13
45 30 50 3
48 4 23 15
55 31 30 10
12 29 26 30
9 55 35 19
14 53 44 40
2 32 44 19
24 31 8 19
55 36 12 6
2 28 12 42
29 8 18 49
1 46 45 13
43 22 11 41
19 44 26 35
16 22 12 49
38 36 14 20
53 5 37 35
45 36 29 51
14 6 23 6
4 14 24 3
44 50 11 23
24 24 42 5
30 15 4 14
45 51 13 23
34 30 14 37
52 55 21 52
5 38 24 17
43 53 31 48
49 48 48 22
3 25 48 40
25 38 3 33
35 24 38 35
17 20 6 3
49 25 21 31
6 30 21 4
36 49 7 22
2 25 37 31
24 15 12 10
40 46 44 35
43 28 38 28
27 24 43 50
10 34 20 33
4 12 28 4
18 40 53 16
20 30 18 54
30 3 18 14
28 28 16 36
24 5 3 28
53 23 5 36
26 13 8 52
40 50 9 36
52 35 26 30
10 12 5 34
20 23 43 1
49 16 27 28
32 1 27 1
6 26 6 14
48 24 36 1
50 46 42 48
36 3 3 29
11 23 19 27
12 11 13 35
6 22 32 26
39 29 46 39
49 10 37 37
30 40 44 33
31 31 36 49
17 40 21 43
2 22 15 17
49 27 31 5
54 39 50 45
1 11 17 8
24 46 27 41
11 24 49 31
42 34 30 51
20 39 52 2
33 24 5 31
21 24 19 8
21 13 3 25
28 43 11 15
20 26 42 24
55 40 39 49
4 25 51 13
24 39 9 28
25 41 12 23
3 14 44 30
29 6 53 12
8 15 12 27
29 41 43 48
15 15 39 21
29 35 9 35
20 2 2 30
16 45 41 35
38 33 37 25
11 13 9 19
26 17 53 45
36 10 53 18
4 11 33 6
40 7 30 41
7 55 47 26
51 28 7 17
3 31 43 11
1 20 16 17
15 13 41 35
39 22 19 54
34 17 53 9
45 4 12 11
35 16 7 12
33 5 21 52
47 8 29 13
47 37 45 39
4 6 55 21
16 55 45 49
51 44 16 53
51 53 14 52
43 5 13 43
19 42 15 19
26 13 2 44
45 4 30 29
50 5 37 36
54 51 2 30
48 1 33 7
15 39 44 21
14 51 42 54
13 26 43 1
21 47 45 51
33 47 17 53
5 30 2 2
30 32 25 40
18 42 49 14
53 43 23 14
46 30 19 36
37 42 20 36
26 19 54 54
39 39 16 51
38 2 41 8
25 47 12 20
19 4 21 52
24 16 11 36
36 25 16 55
29 50 2 38
28 25 17 22
13 9 41 30
19 45 14 23
8 2 31 40
18 24 38 7
29 3 11 32
41 6 43 27
54 17 44 19
24 11 47 46
4 34 1 49
17 45 27 24
17 50 10 47
15 35 16 55
46 46 51 22
1 13 50 36
44 21 5 39
55 20 13 14
50 37 41 42
33 43 48 30
8 50 53 48
49 20 6 9
21 23 42 53
11 33 47 17
14 41 7 28
31 21 20 33
24 45 20 1
16 21 49 40
6 52 4 35
27 43 40 20
22 21 20 41
1 52 28 47
8 29 15 38
9 44 55 48
27 48 1 35
35 46 39 1
15 16 5 24
23 39 45 12
4 54 23 38
31 45 31 44
14 27 7 31
23 24 21 16
53 31 10 18
25 45 31 8
23 3 1 35
14 47 10 33
24 24 13 46
48 4 1 31
1 17 7 12
22 23 17 41
7 6 27 36
49 32 27 27
17 37 41 23
30 23 32 55
17 50 51 8
44 8 7 24
55 37 46 46
4 20 6 13
47 2 13 38
53 47 27 3
18 42 37 11
4 47 28 5
30 47 12 20
49 16 33 52
49 5 47 44
30 12 6 22
48 43 30 35
52 11 44 11
30 45 29 16
15 7 41 51
6 34 4 7
3 18 49 22
53 17 4 20
24 14 21 46
44 33 3 53
37 43 21 21
35 13 17 30
28 13 48 48
19 41 12 53
40 25 30 28
23 34 42 19
26 3 12 48
4 20 52 21
2 33 14 48
41 10 3 50
12 19 33 11
29 49 31 13
3 19 35 20
27 52 44 5
11 26 3 3
4 41 10 1
15 42 11 43
3 50 9 38
14 48 19 7
7 27 25 49
32 43 26 49
31 54 41 32
53 49 54 2
21 18 55 41
1 5 40 20
12 42 42 15
42 45 25 49
16 34 40 47
27 43 20 35
28 10 15 55
1 13 26 48
53 37 40 18
46 15 26 27
22 14 46 10
41 51 42 28
13 2 21 45
18 21 39 37
27 55 46 6
55 43 9 50
26 14 48 12
5 31 53 15
28 53 46 23
55 54 9 54
25 19 15 46
11 23 50 43
30 20 27 12
45 19 7 16
5 20 27 25
20 51 52 52
7 55 38 21
11 17 28 49
50 12 41 44
28 6 21 39
24 53 48 39
1 22 47 48
17 15 11 55
26 33 51 34
33 55 29 16
18 2 38 2
21 10 19 42
34 55 41 20
14 37 14 1
34 25 22 11
8 29 43 1
24 25 5 44
14 33 12 19
22 24 29 1
27 50 27 19
7 33 22 51
2 36 14 52
15 39 15 47
7 49 22 38
47 6 12 18
46 21 47 53
35 28 39 39
36 40 6 51
23 4 48 6
9 25 14 55
13 19 54 51
7 14 55 15
37 50 42 5
49 24 45 14
25 35 39 16
25 41 5 45
29 34 23 45
29 22 25 54
10 52 30 25
18 16 51 5
51 36 29 30
32 37 6 33
24 13 46 54
12 34 7 20
24 23 53 18
45 15 34 26
53 18 7 5
53 34 23 13
40 8 51 29
40 19 46 20
7 45 13 27
29 18 34 16
53 3 11 23
40 31 44 13
2 34 30 28
16 22 53 29
52 33 38 16
54 47 44 23
17 7 21 7
37 10 42 46
20 52 9 40
2 46 6 54
22 25 53 21
22 10 44 22
26 28 5 41
23 37 17 27
45 9 30 12
39 16 54 2
9 40 46 28
35 26 11 40
32 55 30 36
31 41 13 15
30 28 25 20
27 51 50 22
47 27 53 8
3 43 48 31
36 46 30 31
13 33 6 21
15 32 48 40
30 33 22 39
41 43 1 45
5 47 16 31
53 21 34 42
10 42 37 19
45 13 46 36
33 27 30 40
18 23 6 10
17 39 21 36
12 16 47 34
20 10 8 51
12 52 45 16
18 15 48 37
35 20 23 23
25 10 52 9
42 44 49 20
6 28 13 45
41 22 4 1
2 41 53 43
18 2 17 51
3 18 26 54
23 21 29 15
15 27 15 39
21 6 16 36
4 40 40 29
3 25 20 49
55 12 24 42
6 2 28 19
8 25 13 45
12 31 31 48
34 44 42 39
23 38 24 12
4 40 27 11
21 3 11 37
39 38 38 48
41 7 26 6
25 22 41 6
52 43 10 9
43 52 43 12
29 49 43 15
49 15 33 2
6 31 34 12
5 23 2 17
3 13 14 54
40 22 20 22
18 35 17 26
29 2 49 32
15 46 3 23
53 3 9 45
3 2 20 37
40 31 48 55
20 45 32 37
37 42 3 48
46 6 25 48
28 43 30 18
10 50 26 20
39 5 48 54
40 13 51 24
9 51 46 29
48 53 31 11
20 2 53 4
15 12 41 12
53 27 55 1
35 51 33 17
36 2 54 5
25 55 21 48
2 31 46 41
37 10 31 48
45 49 20 35
48 42 31 37
16 41 45 26
14 25 9 50
51 34 9 33
20 48 4 50
35 3 46 5
9 37 41 41
35 37 28 18
9 47 8 6
30 42 35 51
53 20 3 31
6 9 11 1
55 45 13 37
52 5 55 16
26 39 34 9
18 5 46 49
20 55 3 26
17 37 25 5
1 33 18 21
28 26 51 7
44 35 29 4
12 47 37 48
42 25 31 48
17 2 17 1
6 45 17 55
27 15 42 8
31 5 17 30
4 20 44 41
43 42 44 26
1 34 39 44
9 16 14 34
45 31 42 8
43 11 27 52
18 42 5 32
40 42 32 27
4 53 40 24
22 22 2 45
9 16 19 23
53 41 28 11
31 4 11 29
18 21 26 10
44 50 38 27
41 27 28 1
7 6 19 41
47 37 39 24
42 22 20 23
47 27 7 27
41 48 29 14
54 18 49 49
25 54 36 16
32 11 55 51
17 15 36 5
20 5 55 14
18 41 39 52
49 6 12 31
12 35 31 30
10 47 2 48
27 15 1 32
6 54 17 36
30 22 18 44
8 20 1 17
53 50 8 24
18 55 17 44
14 3 33 20
18 7 19 35
13 40 17 35
48 6 7 40
24 47 52 9
45 2 48 40
10 44 10 52
48 53 51 29
14 38 51 6
30 52 44 40
43 27 34 54
2 22 52 23
33 26 21 30
14 26 46 13
36 41 37 9
6 27 42 33
51 6 30 34
41 41 32 47
32 39 19 15
26 6 29 27
25 20 44 43
54 41 8 17
34 21 25 48
16 24 17 32
16 7 29 19
2 34 49 14
36 2 46 39
44 27 49 5
31 42 37 20
48 18 41 48
30 35 31 2
26 2 28 35
23 43 32 44
23 1 32 2
2 44 17 45
54 41 54 24
48 5 23 30
39 37 50 40
16 19 5 32
10 28 55 17
55 34 22 18
9 36 32 5
13 47 44 37
50 13 27 50
30 29 34 7
39 51 41 25
19 27 55 33
6 16 4 25
39 50 23 36
35 39 20 40
14 33 21 34
33 42 11 30
33 39 48 1
17 44 4 15
52 26 44 37
8 43 34 35
42 50 20 10
29 36 17 33
52 42 37 11
54 55 49 52
44 18 45 54
26 34 25 19
26 16 48 8
43 10 26 45
30 24 16 37
19 11 18 9
3 44 23 38
37 28 47 51
53 4 45 43
49 41 39 32
6 31 8 48
50 29 39 40
2 31 25 12
12 30 16 16
15 26 41 32
40 49 24 37
32 54 15 53
40 26 23 55
4 24 50 17
6 12 21 21
16 53 47 40
43 20 38 7
42 48 46 24
44 40 44 31
17 18 1 15
3 14 39 31
47 34 47 25
41 16 24 2
47 1 10 40
40 28 41 27
36 1 42 17
47 31 5 42
9 45 14 32
42 45 32 41
16 50 39 39
41 20 47 50
14 43 44 21
12 8 27 43
14 29 45 52
7 53 54 7
48 34 54 6
39 21 5 9
12 32 53 40
47 5 2 27
12 3 5 13
39 21 26 40
42 3 1 33
33 16 45 17
12 49 30 31
14 27 39 51
54 5 44 15
2 36 24 48
34 45 6 42
55 15 20 10
16 38 25 19
14 52 22 18
44 10 26 9
28 4 53 14
20 1 5 31
48 32 39 25
22 6 51 3
12 23 46 8
30 51 47 54
14 10 35 44
50 21 22 41
20 15 34 44
30 54 45 11
18 18 54 48
6 50 34 9
52 8 50 23
17 19 38 27
17 37 30 28
30 55 7 48
14 9 35 5
51 15 13 26
6 44 27 7
36 13 10 50
38 11 12 36
41 26 14 48
24 11 5 23
42 15 48 26
54 17 13 36
49 55 22 38
29 5 53 55
18 51 48 53
8 48 35 39
23 51 50 45
54 32 10 21
45 51 45 24
18 19 32 27
13 47 16 48
11 3 39 39
22 13 7 9
16 42 49 9
23 5 9 10
45 18 48 20
9 6 30 24
3 13 36 9
8 11 54 17
51 30 42 9
4 14 18 24
21 33 52 39
31 51 22 27
29 47 11 24
29 13 37 10
9 28 50 23
33 48 49 44
50 13 51 4
40 1 35 46
12 21 1 2
44 23 34 20
28 51 47 12
5 33 46 47
20 25 12 21
4 37 21 13
38 41 30 25
49 5 3 32
28 35 11 22
17 46 17 47
15 53 39 51
48 21 5 27
48 11 31 1
55 28 12 52
24 55 19 4
17 41 28 7
22 34 48 6
5 22 32 7
27 19 23 50
50 17 2 43
31 45 29 9
8 27 4 40
50 37 6 37
19 17 17 39
13 53 4 42
6 32 30 12
33 39 3 27
15 1 53 24
28 51 11 32
53 49 13 22
28 13 16 24
21 14 42 38
49 43 17 38
54 6 45 26
53 32 23 41
49 2 3 11
8 2 20 33
35 8 30 9
51 32 15 40
7 23 27 39
7 28 45 37
55 19 47 27
54 17 14 23
12 36 30 10
55 21 18 13
22 22 55 44
25 17 40 29
32 9 13 35
18 44 37 25
18 6 10 26
55 1 6 34
9 18 26 55
46 34 43 48
25 6 15 54
52 31 15 20
30 36 16 14
36 50 29 14
3 16 1 55
19 16 2 17
23 26 35 12
45 26 41 12
32 46 4 12
55 48 38 34
26 12 9 52
3 20 52 43
30 13 13 26
24 23 37 7
15 2 27 37
26 36 35 42
2 29 32 1
41 12 16 44
14 18 44 52
16 29 32 47
42 6 12 53
44 48 42 46
17 21 38 37
40 47 44 55
18 26 3 6
45 44 48 19
7 38 52 45
2 40 34 37
20 36 20 30
9 42 45 13
22 25 16 23
46 33 32 44
28 31 24 36
12 41 18 42
42 49 30 29
51 37 5 17
49 7 33 16
46 12 41 48
25 15 44 26
34 39 13 33
20 47 16 55
53 55 45 39
51 9 10 35
29 35 43 37
25 29 26 41
41 40 17 6
48 26 19 25
7 31 21 9
24 1 8 3
26 39 7 2
19 45 10 29
54 27 27 42
6 18 51 5
51 21 36 36
39 50 32 20
9 36 28 40
14 21 6 12
34 6 12 47
44 4 46 46
24 6 44 13
21 43 10 3
55 8 23 6
13 41 18 30
15 13 11 16
50 50 42 18
9 3 36 25
1 16 14 4
15 39 15 43
54 45 31 16
41 36 10 4
40 44 53 9
48 36 41 45
34 54 42 4
12 34 35 26
34 33 16 32
55 13 13 10
29 20 29 11
32 13 24 55
12 15 14 1
44 31 53 29
30 35 38 52
21 50 42 7
5 10 3 52
36 2 31 28
23 12 38 42
9 49 43 19
47 12 48 14
26 7 3 51
34 20 44 33
14 25 44 27
11 1 34 24
37 15 38 15
3 45 4 53
15 22 16 12
14 12 1 50
40 2 39 32
41 31 49 15
47 34 14 47
9 28 49 34
28 33 37 37
14 48 23 32
54 5 20 31
14 31 17 20
53 24 39 22
16 6 19 1
46 55 27 53
31 6 24 32
17 1 21 43
26 4 53 36
55 38 53 53
26 40 30 30
5 5 9 18
41 15 28 51
20 35 16 17
51 18 39 2
44 44 23 54
30 11 5 19
18 47 14 51
23 16 55 6
6 48 50 43
2 29 19 21
32 3 29 35
32 16 9 5
32 42 44 2
44 25 54 5
40 51 23 28
4 20 49 22
4 27 24 48
31 6 34 8
22 44 15 30
36 26 44 32
47 21 16 7
27 51 5 30
33 19 40 14
8 4 26 7
47 8 25 1
10 17 19 6
11 49 45 20
48 49 23 18
26 21 50 41
17 48 35 9
21 52 13 2
1 53 8 41
16 31 55 11
23 6 31 18
13 35 20 21
8 46 32 27
19 6 18 30
36 32 30 22
10 31 2 27
43 54 45 14
36 11 50 49
15 50 49 37
41 17 54 33
1 24 33 53
26 53 4 36
27 29 35 44
35 43 8 1
35 42 35 32
48 43 36 43
40 4 16 16
43 34 48 53
14 41 48 38
44 45 24 38
8 30 36 41
15 30 19 35
33 14 8 24
44 14 54 18
37 43 4 27
43 47 38 27
34 16 39 28
39 8 6 30
47 19 33 5
22 11 21 15
32 6 37 9
14 25 31 11
40 24 55 10
33 54 5 55
8 55 48 18
50 55 5 22
5 33 20 43
1 6 53 46
50 8 16 41
55 11 19 43
29 40 43 48
28 17 32 41
45 53 2 1
41 23 36 32
27 49 3 33
31 29 52 8
22 18 24 55
25 43 46 6
36 45 22 10
6 17 16 51
26 50 28 42
14 5 51 8
28 5 49 13
10 1 17 3
37 53 26 15
37 47 44 39
10 47 23 8
21 32 11 12
31 46 38 47
41 33 14 22
39 23 49 42
23 1 6 4
20 36 42 50
27 5 35 9
37 12 1 13
3 17 2 52
31 14 45 50
22 17 15 44
27 37 53 28
38 33 53 28
42 21 15 22
28 1 21 23
3 54 25 2
53 38 27 52
32 14 25 14
53 3 43 13
12 20 12 43
13 6 45 50
35 26 47 2
21 10 13 12
36 8 12 46
33 25 34 6
44 9 18 45
43 17 50 46
31 16 15 36
39 48 29 30
17 37 3 23
37 15 37 39
13 36 11 14
28 11 9 45
55 53 3 14
49 31 3 35
43 34 32 16
50 51 16 6
47 16 21 19
12 34 24 28
47 2 15 26
33 10 29 45
34 46 21 4
37 8 27 39
33 52 33 55
55 25 3 27
41 52 23 43
26 8 22 48
27 23 13 42
9 55 1 32
16 1 43 9
44 10 9 9
28 2 27 17
55 6 9 6
44 40 10 20
2 16 45 29
15 45 8 46
38 5 16 41
52 22 55 9
12 5 11 35
35 42 54 53
27 8 54 7
19 55 46 49
18 19 37 52
12 52 4 21
7 7 26 47
29 19 18 50
23 7 50 47
21 40 25 54
38 34 33 15
16 42 1 22
22 2 11 38
55 52 51 39
47 28 3 14
3 27 52 6
19 42 3 11
36 29 46 9
44 43 21 22
10 32 55 28
55 38 22 54
52 50 23 5
51 36 45 8
26 22 21 19
32 47 13 42
26 5 44 53
42 31 31 49
9 35 31 15
55 5 52 20
14 28 30 35
48 6 54 21
55 34 30 39
50 29 5 42
32 26 35 38
32 35 44 17
33 39 29 54
20 16 22 18
45 48 4 31
43 15 54 9
36 22 25 36
52 26 51 39
47 36 17 19
9 39 48 1
49 44 11 11
26 48 47 29
1 46 15 55
1 1 22 31
43 44 46 51
22 27 5 15
46 25 33 7
9 6 36 28
35 30 52 52
34 4 8 8
6 49 39 3
16 23 45 10
50 42 39 4
40 40 16 15
27 11 43 23
8 26 12 34
22 14 16 8
33 35 50 39
55 19 2 41
40 29 47 13
7 33 12 33
15 17 47 30
41 1 10 26
3 22 39 48
7 1 30 30
10 13 9 14
13 48 3 30
21 44 34 30
49 19 28 6
36 31 40 27
39 42 22 45
13 8 33 32
16 27 22 40
16 11 9 23
21 46 20 5
47 49 26 36
2 53 42 52
35 22 22 24
10 44 49 42
21 41 54 17
42 54 41 6
9 46 36 49
34 52 2 21
24 39 55 16
44 33 26 19
51 15 47 3
4 4 42 51
23 50 5 10
33 45 4 5
49 41 17 8
46 23 19 9
39 24 20 6
1 19 39 54
2 44 25 28
12 6 38 27
11 32 20 45
48 18 7 6
39 10 3 47
14 44 11 23
46 32 33 4
8 23 46 32
26 55 2 49
44 16 36 16
41 47 36 1
15 26 29 10
3 13 29 48
32 36 33 20
21 8 2 45
26 20 36 28
50 51 12 44
41 33 15 25
11 54 35 53
13 48 6 7
55 38 19 22
53 18 39 27
34 7 8 19
41 47 30 20
21 37 54 55
9 4 10 11
6 34 42 55
37 22 13 52
54 33 16 25
7 1 50 2
54 12 40 41
54 43 27 45
13 29 55 34
27 54 10 10
28 7 11 9
11 12 21 37
33 43 15 29
25 34 5 25
24 22 5 37
53 49 31 49
36 43 2 25
37 33 24 22
3 20 7 39
31 10 22 25
37 10 26 18
14 30 43 8
47 47 10 39
18 21 12 51
23 35 38 47
21 46 37 49
45 28 2 2
21 17 8 18
8 18 26 17
16 7 18 32
1 29 37 22
4 40 40 50
29 50 46 19
9 12 15 51
52 22 50 11
12 21 49 34
22 44 37 12
8 44 29 3
43 48 6 24
53 18 4 27
23 53 24 5
20 21 35 11
17 46 29 25
8 53 53 47
42 12 19 28
39 12 28 55
40 43 11 53
32 11 54 50
52 26 24 31
45 8 23 29
11 2 23 41
44 6 20 55
43 52 49 43
2 24 46 11
38 52 28 28
40 49 55 13
22 34 47 29
25 23 22 49
36 52 47 46
21 2 20 47
50 46 10 50
43 33 12 42
14 23 14 21
38 48 53 18
50 9 32 28
46 46 31 3
50 24 2 34
30 45 5 13
49 28 42 44
2 13 1 1
15 32 7 18
23 49 4 18
6 25 32 20
22 14 36 45
9 10 24 41
49 52 26 10
28 45 5 11
3 39 41 21
48 19 53 38
55 6 43 26
43 44 10 14
39 24 34 12
13 45 7 55
4 48 4 40
46 21 6 30
34 38 30 36
32 16 7 5
37 14 1 10
26 13 40 17
20 52 27 24
54 26 45 6
16 22 51 25
7 28 47 7
2 17 5 15
21 24 55 9
19 7 35 35
28 23 25 15
14 55 52 16
33 16 33 36
6 40 28 11
31 3 32 33
40 35 16 15
24 34 30 43
42 39 8 18
4 33 32 20
50 47 50 49
4 5 24 25
26 26 54 49
51 44 33 18
7 42 19 1
13 44 27 2
9 3 15 27
24 45 3 3
3 48 43 48
11 27 45 50
46 4 10 13
24 55 36 15
35 12 18 37
37 2 55 21
8 46 45 19
13 28 14 25
54 53 16 46
29 39 31 30
53 51 24 16
19 49 55 38
38 11 34 34
29 10 19 45
54 38 39 45
55 34 16 38
1 52 37 55
7 53 17 37
31 27 24 34
22 10 42 35
46 30 11 28
24 26 17 44
55 22 36 5
15 2 21 19
33 51 39 17
2 38 1 32
18 44 19 38
29 4 42 31
55 8 7 12
27 12 3 37
23 22 22 4
11 38 17 3
16 12 4 30
10 39 10 38
12 51 44 34
46 54 53 5
7 50 38 5
20 35 16 32
35 34 17 34
43 4 47 18
44 38 28 18
51 38 40 14
14 41 16 24
7 1 2 29
53 8 37 34
44 2 33 10
26 1 22 22
21 26 22 1
46 44 31 4
52 36 38 35
31 3 47 21
8 3 26 7
4 12 9 21
38 46 52 42
43 29 43 5
37 22 26 23
37 45 9 24
39 54 24 34
31 39 8 22
9 29 18 2
39 40 30 17
1 34 48 13
43 37 9 50
9 24 47 12
16 49 5 24
16 8 3 18
50 10 15 43
32 12 1 23
17 30 1 51
29 27 13 35
35 27 28 30
32 45 34 49
43 31 41 2
26 51 23 37
21 40 23 46
26 25 30 52
9 36 38 7
55 40 12 36
53 8 26 9
51 4 28 18
15 28 40 10
24 22 8 29
45 5 23 32
35 42 18 35
12 14 47 49
55 9 22 44
30 9 44 2
8 40 22 7
35 5 35 20
11 9 19 24
33 21 21 49
20 30 41 16
40 32 50 28
16 10 24 39
41 23 28 38
6 7 48 40
50 42 48 54
45 5 45 3
54 5 26 50
48 6 24 6
2 11 47 21
50 18 15 37
5 23 53 9
32 51 24 13
31 28 21 7
24 2 26 41
5 29 38 20
20 19 26 9
51 49 43 50
53 51 34 13
51 17 12 25
29 29 11 26
41 37 7 44
50 27 35 6
17 48 39 24
27 52 16 33
35 27 9 10
25 54 28 4
43 48 36 35
37 27 7 13
45 13 22 32
41 46 7 10
1 38 47 51
11 54 51 40
5 4 37 29
19 36 28 46
52 38 27 13
33 4 40 19
52 39 22 49
27 28 55 30
47 12 15 26
29 12 33 10
52 42 1 38
6 4 30 2
2 54 32 37
20 11 12 20
14 41 3 12
28 15 43 18
55 18 42 26
46 2 49 27
37 13 29 18
1 43 30 20
10 38 6 22
31 48 34 49
38 44 21 22
11 51 55 39
53 54 23 17
36 48 3 32
19 16 8 50
4 46 34 14
30 53 35 37
39 16 18 15
35 35 50 4
40 1 16 32
51 45 16 4
2 53 40 23
54 32 22 42
13 1 11 13
33 13 19 8
45 1 31 7
46 11 34 22
39 6 4 27
39 29 19 33
9 42 19 3
29 1 5 36
37 50 1 15
49 18 47 3
22 21 47 44
30 20 33 45
27 26 26 28
9 44 22 46
28 3 43 43
44 32 31 36
46 16 16 50
30 2 47 26
3 37 29 37
31 11 3 53
14 31 45 32
4 26 2 27
42 13 23 5
39 25 25 4
36 6 10 10
19 37 38 53
32 12 13 32
16 26 36 11
22 14 15 31
17 21 55 26
11 39 26 54
14 25 3 35
46 11 12 9
37 32 14 54
37 26 47 29
51 3 26 41
19 47 42 29
14 53 11 18
27 37 19 43
16 32 20 15
35 29 38 24
4 36 37 35
8 41 41 43
41 23 46 24
21 29 7 23
16 53 44 22
55 40 50 55
14 49 40 16
6 32 48 26
42 27 32 41
16 12 7 55
12 41 54 54
45 39 39 8
15 7 5 17
4 21 41 42
53 5 16 48
50 5 38 24
26 52 30 2
40 26 23 52
23 31 29 20
15 44 30 44
6 2 41 4
1 28 40 5
15 28 16 28
35 19 37 27
2 28 32 30
46 40 16 33
25 22 21 32
52 6 37 3
27 49 1 4
25 28 5 43
35 25 3 11
15 24 52 17
12 7 40 23
11 2 54 12
43 8 33 48
16 2 22 39
26 50 54 17
30 1 47 27
54 6 12 10
39 32 10 41
36 51 4 20
46 41 17 51
44 50 23 28
9 19 33 30
39 10 19 15
21 7 40 2
41 11 44 55
32 8 10 20
10 5 33 41
51 34 51 8
6 25 3 43
22 53 32 37
52 55 2 13
24 3 34 38
6 47 37 4
52 18 39 31
51 43 44 30
39 35 43 33
29 15 10 44
3 27 52 37
22 14 34 32
4 12 36 32
15 4 38 52
45 32 45 17
36 32 10 26
50 52 50 25
17 51 7 9
46 54 18 37
15 45 9 15
15 3 5 23
34 12 6 14
27 30 5 6
55 2 7 24
10 7 32 39
3 2 55 53
51 54 9 22
10 2 40 17
6 47 3 4
52 25 26 35
44 21 50 21
6 40 54 10
17 37 17 15
19 37 48 26
30 37 20 30
54 39 12 19
49 33 20 42
51 38 51 39
9 22 31 1
16 42 20 21
43 41 18 22
36 41 29 45
16 5 20 21
32 55 47 11
16 7 49 40
20 49 49 28
7 29 6 41
9 37 4 5
48 2 26 36
53 49 40 39
37 25 6 53
30 44 13 39
26 32 53 26
21 30 16 30
12 48 4 8
11 51 21 18
37 12 4 55
53 47 50 29
55 7 40 41
42 3 1 35
11 6 44 13
44 51 30 22
30 31 44 5
40 6 36 13
52 37 13 25
4 10 8 30
23 37 26 17
6 33 11 31
10 35 6 30
4 17 40 45
44 53 32 10
2 38 32 48
41 28 14 35
24 39 25 55
29 21 43 2
17 18 54 10
54 8 10 50
3 36 31 54
7 4 16 28
9 27 46 49
13 6 14 43
11 35 19 5
20 37 33 25
51 55 12 31
40 12 11 41
3 34 1 21
14 38 30 37
43 48 18 38
4 16 36 43
34 41 19 43
52 13 51 34
24 55 21 51
6 40 22 50
8 28 9 38
7 40 11 18
27 16 2 11
17 6 38 38
5 40 2 41
21 22 3 19
32 43 22 20
52 47 41 53
40 2 29 5
5 34 41 16
37 39 54 10
35 4 2 30
51 31 19 33
48 31 49 49
44 8 1 46
25 43 18 42
14 42 47 1
15 24 53 18
29 54 9 18
7 17 26 47
30 26 15 41
28 26 10 29
32 27 6 29
10 39 37 16
23 55 19 24
45 49 33 1
20 17 4 30
41 18 43 53
14 35 38 37
15 25 24 49
5 3 24 33
55 25 33 10
8 17 44 6
31 43 35 21
54 15 47 46
7 33 32 36
7 18 20 22
3 8 48 24
49 5 50 24
40 24 19 43
41 39 52 17
44 53 12 37
43 51 32 55
30 44 2 6
42 21 29 34
50 33 3 48
5 55 10 22
15 26 28 43
45 16 39 32
37 54 19 12
44 54 19 23
2 33 43 5
32 28 19 16
19 9 48 9
2 41 22 22
39 52 17 55
26 52 6 37
51 44 40 11
54 8 31 53
16 31 1 27
50 50 50 29
35 4 47 8
25 22 23 50
48 46 43 12
27 22 34 45
2 22 22 15
37 8 27 13
54 13 41 55
26 44 49 42
46 42 13 44
42 27 47 49
49 43 49 54
51 50 47 55
49 55 37 54
42 45 5 2
12 21 32 1
30 53 11 30
25 26 34 4
21 26 54 8
35 16 30 28
30 36 16 39
34 26 42 8
5 24 35 8
1 1 2 37
52 38 47 47
37 47 41 41
11 33 13 41
41 32 11 54
39 8 44 27
33 51 10 9
37 24 10 14
7 27 44 45
24 13 2 21
50 15 31 44
25 3 43 36
44 12 33 33
17 10 23 44
54 43 6 21
30 21 53 5
37 25 41 55
44 54 13 30
15 44 28 1
19 7 28 11
26 13 3 25
14 34 34 41
34 34 4 47
42 3 35 12
28 13 45 32
53 50 6 11
34 34 24 27
16 18 10 31
44 8 5 32
9 53 54 23
40 1 9 53
14 29 7 35
9 21 35 14
9 9 52 32
38 33 48 19
5 3 24 21
51 25 25 53
29 41 7 5
14 55 9 22
18 34 18 32
15 33 29 22
11 12 12 13
51 15 42 3
24 24 53 7
24 17 10 39
22 36 2 37
32 49 42 10
35 26 26 8
23 44 40 26
20 27 26 8
27 13 28 6
40 13 35 47
31 19 22 16
35 16 20 24
48 44 39 37
42 50 54 29
34 22 34 43
43 12 25 7
51 21 31 38
3 30 50 44
10 2 45 13
20 9 39 23
54 10 49 33
37 37 3 19
3 5 36 18
33 16 43 3
38 52 27 19
50 30 44 25
25 18 3 10
38 45 10 6
41 1 28 50
16 14 27 31
28 7 18 10
46 15 9 12
40 36 45 52
55 27 24 15
4 28 9 51
38 39 19 17
11 4 51 17
38 13 2 4
35 45 1 17
11 13 55 20
15 24 32 25
41 37 27 50
54 8 1 46
14 29 1 43
9 10 36 6
34 37 43 44
53 28 43 15
28 26 12 20
33 30 52 45
5 38 34 32
38 49 4 15
8 49 4 21
33 39 20 2
37 16 32 52
48 6 6 13
6 8 2 50
43 51 15 45
46 53 38 22
52 7 7 7
1 44 51 4
17 34 47 49
29 23 28 10
37 41 37 10
40 35 46 26
34 52 52 26
43 39 23 33
37 47 42 30
45 45 45 31
3 4 10 40
41 26 52 38
29 26 17 45
24 17 12 38
43 30 49 41
52 24 48 48
4 8 50 54
22 9 6 35
26 38 12 52
16 7 23 40
24 34 34 27
53 33 52 7
29 42 48 39
44 12 36 26
31 36 41 36
23 28 33 51
52 46 30 25
55 9 47 12
38 20 47 22
39 9 52 8
22 6 41 7
26 27 55 55
45 26 13 46
29 41 40 15
10 19 38 1
48 40 50 40
16 52 33 21
39 4 12 31
15 23 30 49
52 25 27 54
2 8 53 44
52 3 54 8
2 1 12 54
30 6 1 15
38 40 1 8
50 9 53 38
27 42 50 12
13 15 52 47
1 2 21 16
45 18 33 18
27 16 23 13
6 26 14 44
15 55 42 36
18 27 9 10
17 40 41 48
39 35 1 44
49 11 48 40
29 37 41 42
28 29 35 6
5 51 3 55
22 12 45 41
55 26 55 4
29 11 4 13
23 48 47 35
10 28 41 46
23 3 48 30
17 54 27 53
24 51 21 21
50 21 14 39
8 31 34 30
48 13 44 31
5 4 30 54
14 24 38 13
51 21 36 26
49 25 6 43
35 19 45 37
6 44 30 31
11 11 35 4
36 31 22 11
48 18 37 13
18 43 39 55
4 25 10 49
54 37 32 17
23 42 6 3
30 32 35 29
34 35 34 43
4 18 26 17
39 4 2 5
39 39 6 35
47 48 18 15
32 43 43 45
14 31 15 54
37 46 24 31
31 54 50 33
20 35 46 7
35 54 18 37
11 21 50 51
8 45 34 23
10 41 36 45
10 38 1 15
45 40 22 46
24 54 41 3
13 23 55 7
33 19 10 9
43 14 17 45
43 48 52 37
46 23 21 21
37 32 39 11
40 13 31 21
52 41 43 47
8 23 34 24
52 47 53 2
31 55 13 44
42 40 8 22
26 45 37 22
24 5 18 52
49 28 26 10
12 25 33 7
8 15 38 14
6 47 40 32
7 48 49 28
28 25 46 22
29 12 40 27
20 2 25 52
27 55 35 51
22 54 13 23
33 39 5 28
15 1 43 37
8 12 33 18
53 31 4 52
4 12 12 48
1 37 25 36
33 20 33 46
50 49 18 30
7 44 24 10
27 39 32 46
54 7 46 27
5 42 55 8
2 35 11 55
9 13 24 45
48 31 35 34
22 17 45 47
47 52 41 48
41 12 30 18
21 10 15 6
11 28 32 23
50 49 21 55
52 50 21 42
21 6 41 13
47 50 49 24
21 42 13 15
30 13 48 1
2 32 41 6
8 7 13 14
3 48 40 11
30 44 7 1
39 28 24 50
30 19 2 54
40 52 45 37
15 36 34 16
38 4 51 45
45 6 17 6
17 17 11 22
29 35 40 15
29 11 33 54
40 25 33 53
6 44 9 27
18 8 39 26
50 25 33 39
43 51 16 49
41 15 5 4
33 48 9 3
15 12 2 39
9 24 35 45
22 48 48 46
25 5 27 43
7 51 29 42
12 8 13 5
51 32 41 28
26 10 37 38
43 25 3 41
22 38 7 5
6 3 31 2
19 35 39 41
7 16 37 49
10 13 52 6
28 6 50 11
13 6 18 36
5 42 16 17
25 32 13 17
32 48 8 5
45 10 10 23
49 49 44 53
22 48 44 9
23 37 50 48
52 24 26 12
53 26 18 37
11 25 23 20
8 15 26 53
17 19 49 47
6 50 55 55
52 44 43 51
22 52 31 5
47 17 48 48
29 19 41 27
31 36 42 52
38 54 23 5
25 27 3 28
10 38 19 34
31 17 1 19
29 54 20 18
49 29 11 48
32 20 31 20
35 50 11 12
38 44 33 42
34 39 32 14
8 25 39 9
30 48 12 9
14 45 16 15
20 19 8 38
10 5 6 25
13 54 50 34
52 26 44 41
38 2 37 34
54 17 15 10
53 11 44 40
3 23 10 28
44 25 35 48
36 35 15 5
42 15 6 53
55 26 31 33
31 39 49 33
22 5 16 51
8 52 20 30
8 30 44 19
31 13 54 39
1 25 11 34
39 30 44 17
26 19 9 5
35 13 50 16
27 10 18 43
10 22 17 33
54 40 20 42
38 19 27 53
4 30 14 15
35 41 18 29
37 11 1 11
46 15 7 30
3 41 50 45
6 47 54 45
26 12 9 31
41 18 25 1
42 32 51 34
45 54 49 30
10 3 9 29
18 12 53 1
17 27 2 48
20 33 5 14
25 35 6 15
55 6 34 12
33 27 17 3
25 17 3 41
23 41 47 34
13 19 18 10
51 3 21 30
20 41 4 11
28 50 16 4
13 39 28 18
2 32 8 35
53 19 25 16
10 51 41 49
44 34 4 49
47 11 32 40
32 9 18 9
5 39 37 15
12 27 35 29
10 44 54 29
51 27 35 34
5 29 16 34
29 46 39 30
20 5 5 35
54 45 28 7
8 32 38 8
34 41 2 45
31 35 32 2
39 20 2 41
44 21 34 21
52 15 39 28
52 17 19 20
45 19 10 25
48 35 52 38
39 48 24 34
15 11 30 12
22 10 18 35
32 25 4 55
11 44 19 39
41 23 17 27
4 5 29 15
53 37 24 2
53 6 8 16
13 33 23 10
4 6 7 4
32 31 20 35
27 15 28 31
53 27 43 27
53 31 54 36
5 50 43 19
39 25 45 46
5 28 34 25
15 8 41 16
45 13 27 15
25 54 20 53
15 40 23 41
6 37 36 30
48 32 32 1
46 52 38 40
50 48 52 4
50 43 40 23
43 33 7 52
35 48 9 33
24 13 12 43
50 33 42 17
43 46 55 15
14 36 21 30
28 39 43 55
15 32 35 53
11 22 26 25
34 15 35 16
32 27 47 34
55 4 30 45
30 53 13 29
23 18 7 55
6 41 47 25
42 45 32 38
8 13 46 8
48 52 30 38
44 41 18 30
37 39 49 26
44 11 37 26
28 38 34 55
34 43 37 55
1 44 55 35
32 29 53 49
33 22 45 8
26 21 43 41
11 49 16 55
26 14 3 3
43 51 44 39
47 39 32 31
27 4 11 7
42 27 34 44
50 9 27 33
17 32 35 40
30 42 51 29
16 43 55 44
43 23 9 30
27 15 27 6
13 4 7 24
24 55 32 30
32 39 8 14
53 28 50 50
9 13 8 36
29 27 45 47
47 17 14 40
16 29 22 24
7 31 19 8
36 10 33 54
24 7 10 38
10 31 17 20
45 20 42 28
4 33 46 7
9 17 37 2
27 37 24 29
50 33 3 29
15 28 32 37
51 6 9 44
21 48 4 19
42 11 24 45
1 55 27 41
54 8 2 29
43 17 9 51
32 10 17 15
50 11 2 40
14 15 9 18
30 50 13 2
12 13 19 42
26 6 27 24
7 41 48 41
39 10 15 6
40 25 15 35
42 30 26 15
3 22 22 5
42 51 45 47
46 28 33 2
10 22 50 31
24 3 53 28
6 46 33 11
45 7 30 4
11 48 41 49
15 34 8 54
25 4 13 42
4 38 8 14
50 21 20 20
42 31 45 2
19 20 26 30
38 54 6 16
4 36 40 42
25 4 23 46
1 44 17 51
14 8 34 16
20 34 3 51
31 3 19 30
51 2 17 22
41 26 51 27
51 51 54 17
12 27 9 28
51 36 49 46
39 51 34 50
28 26 14 49
25 37 50 13
8 5 40 37
34 30 4 55
48 44 53 26
48 17 52 37
5 50 7 32
39 47 42 37
2 29 23 42
41 30 46 36
13 15 31 34
48 28 38 30
14 53 17 50
10 6 43 24
43 5 22 9
29 39 47 3
53 28 55 7
32 53 4 20
13 7 33 15
19 18 36 44
30 19 25 36
51 35 1 16
47 38 45 21
5 13 16 4
4 17 20 22
51 26 22 7
43 15 40 44
34 20 11 27
42 32 30 5
19 29 11 44
35 43 51 41
40 51 45 3
5 49 50 21
13 24 25 4
35 16 38 32
46 3 35 21
41 12 15 38
10 8 17 2
11 15 6 14
15 1 22 35
21 13 17 18
15 4 17 36
11 6 7 16
51 30 55 4
33 30 46 25
32 5 21 52
38 40 40 12
40 50 27 1
53 43 12 13
39 7 8 53
10 22 18 46
17 4 46 11
22 24 41 39
40 30 48 34
51 43 45 50
9 29 40 45
54 26 12 49
1 9 14 32
13 20 12 17
55 30 33 39
25 29 53 16
23 31 54 49
12 19 48 18
47 3 1 17
41 30 16 13
8 15 16 7
41 18 28 18
30 35 22 13
10 37 49 17
19 26 11 9
46 46 44 44
20 35 5 35
19 39 46 7
21 16 39 4
28 46 12 18
7 10 24 13
19 55 8 43
10 40 14 40
51 42 37 27
31 13 32 51
18 17 22 24
13 32 24 28
28 15 24 26
40 13 2 24
23 31 39 5
3 54 28 10
7 28 13 53
10 2 48 52
25 52 50 32
17 22 41 7
35 5 11 13
24 20 38 9
45 15 7 35
5 4 43 21
43 32 50 16
33 33 33 53
13 1 29 4
16 40 27 37
51 12 37 34
48 52 5 3
51 48 22 12
3 30 22 6
9 50 50 25
25 55 24 11
29 36 46 29
25 36 40 42
45 30 38 29
16 54 26 30
36 11 8 26
25 24 45 1
21 36 16 3
14 27 44 8
35 43 16 41
10 17 4 5
5 45 23 29
46 29 15 29
7 26 14 13
34 10 12 39
39 22 4 27
23 49 53 10
7 7 2 52
46 47 5 7
27 47 1 31
37 31 5 1
18 27 23 53
48 49 19 53
10 14 2 39
36 25 49 20
30 51 26 54
13 2 37 2
29 1 1 35
49 24 53 52
47 44 43 12
40 46 30 24
14 37 45 12
3 24 38 9
21 20 27 33
21 28 39 37
53 52 29 17
4 7 1 41
20 23 13 54
50 52 34 34
54 54 29 20
5 52 47 10
31 48 23 22
11 38 32 21
42 28 23 18
33 11 40 49
2 34 48 52
40 1 25 40
34 51 46 19
25 50 13 52
22 19 51 37
18 53 3 39
19 29 48 48
14 51 33 17
44 46 16 49
45 35 24 18
53 10 22 27
43 51 34 37
5 3 27 51
32 43 9 43
52 33 10 36
3 20 2 49
35 16 32 21
24 3 27 6
5 49 11 27
55 8 27 14
52 9 18 29
41 17 18 46
37 7 51 36
14 7 47 15
48 3 19 27
34 9 41 34
50 6 12 35
33 30 14 28
20 12 34 10
41 36 40 28
7 54 34 34
22 32 12 11
28 21 5 19
29 52 54 35
11 54 13 26
7 6 16 11
15 16 16 6
8 33 1 5
16 25 31 46
27 30 7 42
23 39 17 15
26 5 18 28
37 33 8 22
51 53 52 25
28 35 32 17
24 17 26 7
17 50 12 53
20 40 10 3
35 47 32 17
43 23 17 10
42 21 53 48
12 27 10 38
23 27 52 45
27 32 34 4
44 42 6 32
4 51 44 33
31 51 15 48
54 22 7 38
29 20 8 8
54 22 38 13
54 51 13 40
48 54 25 27
7 4 27 50
39 4 6 8
13 44 34 33
34 47 51 15
13 27 18 5
14 26 18 34
51 26 19 6
3 32 55 9
45 30 44 16
41 18 38 14
27 12 19 45
3 18 23 44
15 13 45 14
2 3 55 48
35 32 33 28
8 55 54 12
42 26 24 22
6 50 5 36
27 31 40 51
25 27 45 21
40 37 11 49
19 25 13 45
46 50 55 43
40 14 55 10
53 53 53 48
22 23 1 5
14 54 46 23
6 17 21 45
43 22 30 27
26 14 40 35
23 28 31 28
27 52 36 21
45 42 24 27
18 17 29 3
1 16 43 40
44 23 54 7
17 49 14 45
47 23 33 12
32 18 35 13
46 5 18 42
8 37 25 5
32 55 8 33
44 36 39 38
30 45 29 5
46 50 1 35
28 13 48 15
54 45 23 54
49 8 1 8
49 24 40 48
28 43 38 42
32 50 1 52
2 54 35 53
30 44 6 41
19 48 9 43
44 39 39 16
33 11 24 39
55 1 3 26
43 14 38 55
40 4 24 21
18 28 14 37
49 51 18 24
40 18 20 43
14 30 4 8
10 10 39 18
41 54 23 7
20 2 35 14
13 47 12 29
34 3 48 4
50 10 1 28
12 48 14 31
24 41 42 29
43 53 55 28
54 14 16 43
48 31 50 1
43 18 18 17
49 44 51 32
32 45 22 28
30 29 36 8
32 8 32 33
12 25 19 46
30 24 11 1
39 24 46 49
52 28 10 44
14 9 21 46
41 1 39 41
30 9 48 38
20 14 7 43
38 37 45 35
39 37 5 9
49 20 29 17
47 39 53 25
24 39 47 7
3 32 13 2
39 9 45 42
33 13 4 11
54 18 47 18
20 38 38 16
40 31 41 28
18 10 34 40
45 35 29 10
2 13 38 27
4 33 50 33
8 28 37 21
33 51 36 17
19 9 13 35
49 32 5 14
36 29 18 45
21 10 22 45
14 17 27 55
9 48 30 23
24 40 33 32
4 41 26 10
9 49 29 6
23 26 51 29
3 51 25 12
43 24 37 51
3 53 25 53
8 52 35 51
53 47 48 25
30 12 6 29
37 54 36 35
23 15 11 19
18 19 5 24
44 19 50 55
50 9 5 8
44 54 4 20
53 4 18 37
34 1 44 17
34 54 26 19
47 32 42 49
43 3 12 51
50 12 27 20
1 20 7 14
2 1 26 37
6 31 23 54
26 35 21 7
2 55 52 4
31 42 46 25
13 30 29 43
32 20 4 34
34 52 35 5
4 42 11 54
8 1 42 52
42 18 8 48
52 10 4 39
15 44 24 17
35 28 11 6
52 22 50 28
29 52 52 1
3 23 55 11
23 1 49 17
7 8 50 34
17 30 16 3
47 54 12 21
17 17 42 4
2 37 12 39
17 19 33 25
28 50 38 21
1 21 31 26
5 18 35 15
32 25 32 54
23 40 45 10
11 4 42 47
17 8 13 54
38 21 25 53
29 55 8 11
30 55 40 10
44 16 17 26
29 36 41 37
14 13 38 9
43 31 5 15
15 23 44 7
25 10 49 45
54 11 29 40
22 41 10 10
52 4 9 3
52 52 52 25
4 33 5 8
25 36 23 18
24 35 45 21
46 30 15 43
51 50 20 51
48 8 15 19
11 36 46 2
35 9 26 4
23 43 29 26
26 23 1 19
10 7 25 15
18 54 35 45
28 48 24 16
20 34 47 2
22 38 53 25
27 32 7 4
18 27 12 41
20 1 15 48
19 20 42 19
43 10 48 51
38 31 41 24
30 1 29 42
8 5 26 22
44 45 41 15
47 45 45 12
50 12 25 7
47 27 1 3
49 55 3 36
53 40 53 16
14 39 16 1
23 44 52 5
13 36 23 28
31 6 27 43
27 2 20 13
19 10 49 3
54 51 28 33
50 19 44 16
47 55 54 36
33 7 16 45
24 35 52 8
38 34 33 30
53 11 47 18
37 5 37 29
43 47 37 17
48 6 44 46
31 44 27 18
7 24 30 14
48 48 10 9
5 10 37 10
29 33 7 54
21 9 1 11
11 40 40 32
36 1 49 28
35 38 3 4
20 14 35 23
55 15 23 17
7 23 42 30
5 31 6 23
13 35 30 55
37 35 36 40
5 2 15 16
24 15 3 43
40 31 27 47
10 11 52 1
22 4 18 39
51 1 46 26
4 35 39 20
32 15 3 51
8 17 34 32
42 33 10 10
53 17 55 34
44 6 14 12
35 47 53 11
36 16 27 15
11 21 10 20
53 35 44 20
9 12 2 35
32 41 46 38
31 2 40 43
53 31 51 55
14 14 26 2
7 54 55 47
23 5 26 26
15 24 5 55
26 21 28 30
40 44 31 40
17 49 43 29
30 25 48 27
9 12 32 42
32 33 55 12
38 9 9 30
21 10 21 55
47 4 5 30
49 29 42 16
27 30 16 37
30 48 15 41
40 51 46 43
4 47 37 1
39 1 4 3
44 28 52 22
50 54 30 17
47 26 33 14
39 33 18 18
20 40 17 31
1 27 51 17
4 1 35 46
5 8 3 39
50 55 55 32
11 13 34 15
3 43 18 11
7 19 54 41
23 27 54 26
53 53 11 31
34 53 46 33
51 1 24 45
39 33 21 5
18 40 46 49
31 54 54 13
40 39 12 23
20 12 16 42
22 6 33 5
24 25 46 1
48 1 37 8
35 52 45 31
21 22 46 12
34 18 36 31
29 51 50 8
14 45 37 41
20 48 51 25
31 30 53 28
29 23 37 39
51 33 35 19
44 48 12 47
5 35 51 43
6 44 27 34
35 54 21 47
29 23 35 34
55 9 34 26
1 4 47 17
31 6 36 14
15 5 34 4
3 10 20 10
54 16 42 42
14 50 42 39
27 19 8 23
25 33 32 15
40 12 28 37
9 8 41 54
46 27 39 15
49 27 13 9
6 11 40 55
31 51 24 15
1 27 29 23
26 28 28 29
1 11 5 22
12 28 32 15
32 16 51 10
21 44 5 53
31 52 20 25
39 34 19 8
2 44 24 36
23 18 33 30
4 18 26 13
51 33 27 11
45 31 34 39
33 20 30 12
18 25 17 17
9 9 45 21
20 30 24 22
2 44 18 21
7 54 24 28
15 44 18 12
47 52 48 38
30 34 19 50
9 8 21 32
37 34 8 19
43 7 22 40
49 36 41 9
15 19 9 37
11 51 5 16
29 47 13 44
37 16 5 4
30 2 37 52
2 29 6 22
53 30 35 12
9 19 35 29
15 16 9 48
45 29 38 39
34 52 25 15
39 1 6 55
4 29 45 28
34 7 20 43
34 38 41 20
12 4 29 6
18 43 14 32
51 50 1 33
2 54 1 4
36 1 10 3
43 38 29 1
15 11 11 39
50 20 34 53
52 36 5 54
36 18 28 51
21 55 36 26
46 39 40 8
16 4 21 9
48 26 44 11
10 43 46 26
10 11 33 21
25 15 30 15
35 46 22 37
51 20 2 27
44 11 51 48
47 7 19 8
35 6 53 34
22 44 10 26
54 35 51 36
7 8 24 49
42 51 16 34
20 38 23 53
1 1 17 13
29 25 29 41
21 31 28 21
14 9 45 44
3 50 45 17
19 50 35 20
49 12 30 22
17 35 4 35
16 18 45 30
40 47 1 25
45 54 30 21
38 23 21 3
47 34 50 14
47 43 28 30
38 15 32 30
18 52 53 50
54 45 37 19
5 43 45 13
52 51 17 36
42 37 12 24
38 55 15 9
53 40 20 52
47 48 51 16
40 15 34 33
2 28 11 41
39 42 9 35
37 24 42 31
17 42 19 49
48 54 8 21
2 44 24 4
17 34 21 38
6 55 34 46
52 1 40 14
25 38 33 18
32 8 23 35
52 26 25 37
40 45 44 50
3 39 12 19
10 32 32 36
25 50 13 17
36 17 6 6
2 34 2 9
4 22 31 14
14 20 3 29
29 34 33 27
40 20 17 54
51 15 43 5
34 44 35 8
29 40 34 34
14 24 55 17
46 18 23 36
36 20 48 50
55 13 27 21
39 51 38 16
54 43 23 3
19 51 48 21
46 5 37 49
7 45 44 16
13 34 24 38
54 3 8 54
7 33 41 10
28 39 53 40
20 33 8 25
42 4 48 26
54 4 33 35
16 17 36 30
41 7 12 49
34 47 1 11
50 32 26 52
15 12 20 39
37 55 25 11
30 23 23 6
18 23 7 19
43 2 9 55
20 20 49 15
37 18 50 39
51 2 6 13
41 37 14 2
1 3 45 23
16 14 39 53
38 33 11 20
20 8 26 50
52 30 35 33
16 4 17 41
49 1 47 11
23 8 7 30
6 48 39 27
31 18 43 24
41 5 20 40
17 40 41 5
33 8 22 2
49 20 15 23
1 20 28 5
8 14 43 13
16 51 22 11
33 19 11 6
25 41 18 36
13 5 35 38
47 5 47 15
6 2 45 26
23 5 51 15
4 47 38 11
24 54 44 7
54 13 1 7
35 7 50 36
45 36 44 2
38 3 2 20
24 32 18 24
31 33 9 2
21 45 3 52
4 10 32 25
11 45 34 50
51 19 9 45
43 52 18 52
6 13 1 22
29 13 48 51
31 21 50 14
44 47 15 14
34 41 32 29
15 48 53 46
12 10 10 52
21 28 2 1
37 29 55 35
48 10 41 45
45 53 38 8
2 11 22 45
43 24 37 48
13 5 31 33
51 51 8 23
44 4 34 5
49 53 41 36
45 45 6 47
22 40 2 28
33 44 19 13
49 33 48 19
24 53 45 24
52 38 12 8
39 36 23 54
15 9 10 26
45 10 47 45
46 16 37 16
39 55 36 43
50 51 18 16
1 2 44 14
11 28 49 20
45 42 43 40
47 32 18 11
18 30 35 1
47 9 43 16
39 54 39 19
2 6 32 20
11 37 45 3
18 35 55 4
8 18 16 4
18 32 54 23
29 37 52 46
47 53 39 11
44 37 6 55
30 32 26 6
7 53 46 30
49 33 19 34
23 22 50 12
31 7 46 34
12 34 46 23
28 11 48 5
27 1 5 43
28 1 28 41
11 20 45 7
32 47 29 5
12 46 53 3
20 26 20 55
54 19 46 22
2 33 18 49
19 29 32 21
38 43 14 30
29 38 6 37
46 36 33 17
42 9 54 26
6 12 14 54
55 2 50 53
11 38 39 39
41 2 1 4
19 32 47 16
5 44 27 33
21 17 29 19
54 48 52 49
12 32 45 52
54 19 48 9
37 22 17 40
12 50 53 31
47 46 26 49
29 22 2 7
24 1 53 52
55 19 5 11
53 48 48 34
44 51 35 34
52 51 17 1
23 2 1 35
34 54 54 38
26 50 1 21
22 1 2 40
45 46 20 23
28 41 5 13
8 51 9 21
13 17 21 48
51 49 52 44
16 31 22 7
43 27 25 44
30 22 17 20
35 36 43 22
37 51 4 52
12 44 10 38
28 29 29 14
22 52 30 32
7 55 50 36
19 52 12 16
52 31 8 27
37 1 51 37
30 32 34 23
3 33 10 6
41 36 52 50
4 47 15 23
48 33 34 24
51 52 10 37
46 17 27 25
13 23 4 46
21 8 17 48
37 33 32 52
11 4 48 6
33 39 54 39
49 41 36 30
24 45 55 6
49 43 23 9
23 33 48 49
28 30 30 41
5 37 20 19
43 2 41 45
44 13 30 11
39 25 41 31
15 19 13 12
6 42 15 13
10 10 9 4
54 12 29 33
18 40 44 41
47 21 2 55
16 28 39 43
34 12 20 35
23 34 13 7
2 50 42 40
41 30 18 38
19 50 42 53
15 2 4 34
11 9 33 36
36 22 12 27
41 46 49 20
8 29 26 25
13 51 4 10
2 24 25 25
15 18 48 9
17 22 25 28
54 15 27 43
4 41 23 16
10 34 41 40
53 7 16 10
15 43 48 10
9 11 16 1
38 53 1 18
19 4 55 18
12 53 41 41
32 46 15 35
39 32 46 28
40 35 42 45
3 22 30 45
30 33 10 13
25 37 44 36
38 17 14 28
53 12 8 5
37 15 12 15
42 34 50 45
11 33 45 19
25 19 18 36
5 13 29 13
8 53 52 51
54 16 31 2
11 4 23 50
53 48 10 15
8 10 22 32
31 8 45 32
51 42 42 20
8 24 44 6
24 41 15 3
17 38 38 55
45 6 8 27
6 49 39 53
11 49 50 23
28 45 48 31
4 19 15 39
10 26 15 10
23 18 19 25
28 20 31 38
40 32 35 44
20 23 15 2
27 39 55 44
41 24 55 19
4 24 53 4
45 44 53 21
41 55 21 39
24 55 21 54
27 27 18 24
18 48 9 51
44 50 48 49
42 49 15 19
3 15 48 43
48 18 13 22
4 46 53 19
8 17 28 53
24 13 24 34
20 36 16 31
47 20 35 1
18 24 12 51
9 19 11 2
29 26 5 35
34 14 1 4
48 13 27 11
52 41 43 12
4 21 32 25
11 29 20 44
45 45 20 54
6 9 51 1
10 47 45 55
9 36 38 39
17 29 50 35
9 50 15 19
5 38 50 26
40 2 3 26
55 10 38 1
32 54 21 14
42 4 10 12
12 4 53 1
55 17 30 50
14 52 53 47
29 50 29 26
27 35 10 49
41 45 55 41
14 22 48 20
39 1 46 13
17 37 23 52
50 31 21 54
48 33 12 27
24 41 13 8
21 31 25 51
19 37 19 23
38 12 31 26
3 36 25 25
29 10 22 14
50 40 7 1
27 5 45 39
52 24 4 28
41 33 46 13
51 6 28 37
38 6 40 52
10 54 8 55
45 16 14 13
53 42 5 30
44 7 40 19
17 17 18 54
38 55 5 47
44 36 29 40
32 37 33 46
35 32 55 2
34 45 53 2
50 18 4 33
12 35 7 47
8 17 4 2
27 3 47 47
45 32 25 49
25 32 26 31
49 13 11 6
39 16 35 19
8 22 44 38
34 26 13 24
42 8 32 18
20 41 20 23
46 2 40 17
48 15 47 39
16 33 5 40
6 16 37 32
20 12 7 47
8 6 7 41
25 21 31 21
21 30 50 17
2 40 22 27
37 28 53 48
23 7 45 20
21 20 4 41
36 22 50 46
32 27 2 45
16 7 18 13
12 37 42 16
16 42 41 16
14 47 17 5
29 10 31 2
15 15 27 44
16 19 51 40
37 50 11 53
32 7 50 41
39 6 32 17
33 11 35 14
14 12 18 19
6 17 34 33
51 20 44 44
8 21 22 9
42 5 36 45
28 30 19 50
37 20 36 15
20 52 17 15
12 2 35 7
13 21 19 9
9 14 5 23
7 43 11 1
43 33 51 14
50 55 13 46
34 44 22 28
17 49 29 33
47 44 35 27
34 17 9 48
47 4 55 23
43 13 18 16
21 8 44 5
44 17 28 25
6 39 32 54
53 19 40 16
43 13 17 52
9 28 15 29
37 53 8 44
38 16 52 25
41 19 26 40
25 18 32 16
2 43 25 51
40 49 16 2
12 36 52 2
33 28 10 8
43 38 38 30
2 32 26 52
20 20 42 51
1 26 30 27
24 37 14 8
40 9 19 55
17 39 4 5
27 36 12 7
41 13 45 42
23 44 46 17
1 11 43 22
8 32 19 28
11 21 16 20
26 43 52 31
11 46 15 23
52 27 6 4
9 50 28 13
35 52 13 15
49 6 54 13
31 12 41 24
18 52 12 14
7 23 16 32
14 26 33 26
20 25 52 11
7 40 6 45
4 3 20 3
6 54 23 52
45 12 36 45
51 20 52 39
41 23 54 3
52 37 35 19
39 7 5 18
22 25 40 50
35 28 12 33
2 46 29 9
36 31 30 44
23 54 37 50
46 5 28 16
22 50 4 16
26 50 14 40
51 3 3 22
42 24 30 40
5 37 28 43
55 16 26 12
25 22 8 19
42 6 27 40
22 6 51 44
11 11 19 20
33 23 45 46
7 17 52 37
26 43 6 44
35 19 7 43
22 29 48 36
10 33 18 21
19 44 31 11
27 46 15 35
52 50 42 20
16 31 19 14
50 18 32 5
48 29 36 12
22 1 4 10
52 1 17 1
55 51 25 42
25 29 29 22
3 46 22 4
55 16 48 7
27 29 46 55
53 36 28 10
49 46 32 38
3 10 42 23
24 26 49 13
42 23 18 18
26 19 26 41
17 26 33 44
35 23 55 35
20 39 19 22
27 46 17 7
44 10 39 5
1 29 40 48
53 26 50 54
35 35 54 20
44 51 27 45
36 19 12 51
21 9 53 40
41 13 21 5
5 46 53 22
10 4 22 42
33 35 33 39
48 7 27 27
47 37 1 16
29 5 7 47
15 4 23 46
24 35 48 47
4 54 1 45
41 40 32 43
5 45 45 34
49 36 22 34
40 49 7 38
36 26 53 21
9 7 2 27
14 8 2 14
54 26 26 11
3 55 13 53
8 5 12 27
13 2 15 19
7 18 50 19
36 52 46 42
1 25 16 32
27 33 53 19
23 40 45 40
11 21 43 34
25 10 4 4
44 37 10 11
42 48 16 1
8 50 24 24
51 5 32 12
49 51 53 12
38 21 44 23
28 12 47 46
52 47 53 20
36 42 13 10
17 48 34 51
16 7 45 12
6 36 22 30
10 32 29 33
52 27 7 19
41 30 5 24
43 10 23 3
18 25 54 6
3 20 5 33
40 2 42 29
3 34 27 25
40 54 33 27
54 31 2 12
39 8 18 5
22 25 34 43
21 40 19 9
52 10 7 3
36 40 26 36
46 31 18 43
42 15 50 4
46 31 16 20
3 8 50 43
32 5 24 33
28 46 8 43
30 7 33 15
34 18 8 18
39 2 12 17
26 46 50 49
28 5 36 9
2 20 36 47
45 21 25 3
31 17 13 20
42 41 47 50
17 41 38 42
39 7 35 13
10 42 44 9
38 18 43 22
28 1 32 18
47 13 27 30
42 48 49 15
27 39 35 5
30 14 54 5
27 44 31 36
35 39 13 11
45 52 10 5
33 38 21 52
18 12 38 29
3 1 7 25
36 41 14 10
28 53 29 45
6 33 1 20
33 7 23 37
23 17 46 12
17 25 31 34
45 39 45 14
29 1 31 2
5 33 17 5
33 39 19 8
3 43 1 38
23 4 9 19
6 29 16 43
22 46 55 38
34 27 4 47
32 25 29 30
11 9 41 12
34 32 53 15
12 45 36 36
51 13 33 51
38 7 51 33
32 52 43 46
20 8 39 32
30 8 39 10
19 41 21 41
7 33 45 20
28 31 15 30
24 31 2 28
1 7 34 18
33 4 49 25
5 37 35 53
48 22 34 6
42 23 54 21
42 48 10 18
24 53 55 7
15 32 37 40
52 12 41 54
41 16 34 54
43 14 38 3
55 55 21 42
43 49 51 23
30 34 28 24
54 37 9 41
29 9 16 21
52 48 26 55
25 53 49 21
31 37 28 34
17 40 38 49
45 31 9 23
12 15 34 24
17 8 22 22
3 12 13 12
1 42 22 23
54 3 23 6
14 6 45 49
31 36 1 54
41 55 46 12
30 54 41 38
37 19 9 4
39 55 35 39
45 2 35 11
40 50 3 41
43 34 16 52
15 3 51 53
50 37 24 52
4 15 35 7
39 9 7 16
7 9 38 12
40 9 50 16
33 16 45 34
52 20 27 40
36 2 11 27
32 44 29 13
3 28 52 8
5 32 51 21
30 28 5 53
30 16 40 10
4 35 16 35
43 51 16 25
52 54 41 14
1 16 1 53
34 14 40 50
48 25 16 1
35 50 39 16
7 50 40 48
12 4 26 1
22 41 30 19
9 45 49 11
31 49 51 16
10 46 27 46
31 23 48 54
21 7 29 37
26 17 17 44
22 54 36 1
13 5 50 10
18 55 6 8
3 15 15 41
9 28 13 9
26 45 12 35
14 44 48 29
55 22 40 52
49 52 27 14
53 34 55 49
18 30 29 15
47 2 44 14
45 44 21 32
16 18 25 37
10 10 37 36
2 45 47 38
53 55 32 30
16 43 13 14
6 26 45 45
24 42 50 26
22 33 1 33
52 3 47 47
1 2 26 15
29 31 17 51
47 38 50 23
31 8 26 37
36 51 21 46
29 16 30 48
12 29 34 27
31 40 26 51
54 47 27 13
29 42 49 24
30 24 6 14
24 39 14 53
26 20 53 31
34 46 15 44
15 35 9 11
47 37 54 53
25 17 42 32
16 40 32 31
26 4 31 1
27 53 23 6
29 37 44 22
8 42 13 6
3 27 42 40
44 41 40 13
38 18 25 6
39 24 43 2
52 28 22 54
17 2 34 43
42 11 29 26
11 41 24 44
12 21 26 5
30 21 54 14
32 43 19 25
13 35 4 35
12 23 16 27
39 2 43 44
44 28 36 26
18 6 52 27
14 7 6 19
48 18 2 50
47 25 27 2
53 48 41 28
20 42 13 34
8 46 44 16
23 48 20 54
28 24 30 30
9 32 17 40
31 23 53 8
32 45 5 44
54 39 34 23
2 30 12 47
14 29 2 1
16 31 21 19
28 42 27 18
53 35 42 18
48 29 20 17
50 46 30 42
8 39 29 45
3 19 25 8
15 33 22 36
49 18 48 47
16 16 41 15
11 29 47 54
54 49 34 31
53 35 18 55
51 14 26 35
53 10 39 38
50 8 48 40
1 25 14 9
12 26 41 50
1 45 55 14
4 34 53 44
12 15 34 14
23 21 52 37
37 21 10 45
2 48 6 5
51 24 8 23
41 12 51 4
41 50 14 23
9 22 43 23
52 14 40 7
8 16 17 42
46 22 12 28
14 52 26 53
22 28 12 10
49 27 20 43
43 27 49 22
55 3 54 43
54 48 7 33
3 20 53 26
30 26 15 34
3 18 31 7
51 16 46 10
20 34 24 37
38 14 3 8
42 13 48 39
34 49 2 6
51 33 16 53
7 10 2 29
24 35 35 40
18 38 31 37
36 27 53 24
1 48 30 50
29 16 53 27
38 12 25 11
46 24 31 14
5 55 2 27
10 34 30 27
47 41 33 28
12 42 39 34
41 39 40 48
46 2 49 43
43 29 18 18
19 32 42 42
16 20 38 13
30 48 38 12
42 30 8 45
1 34 16 51
21 28 42 22
18 20 15 9
21 22 26 37
9 8 17 9
50 5 46 33
27 14 55 31
51 14 6 19
3 19 51 2
54 23 20 4
40 8 12 42
28 20 47 51
38 48 43 22
45 5 50 32
45 26 6 21
35 15 45 13
41 33 10 8
4 53 6 12
50 48 16 13
49 28 23 50
29 39 48 40
9 46 8 8
54 36 28 4
13 45 17 26
51 6 42 34
20 46 21 28
9 47 21 6
30 13 39 7
11 38 53 39
8 44 53 52
2 32 24 15
19 3 39 24
39 42 20 5
26 19 11 53
13 19 16 30
15 43 35 34
21 5 48 18
46 2 11 4
42 42 9 4
11 14 11 55
47 27 34 9
43 20 16 55
31 50 14 19
36 3 53 51
12 19 7 55
51 36 39 35
19 19 52 41
36 13 29 2
49 33 16 11
20 47 7 21
16 30 28 50
4 3 24 40
23 19 27 19
22 11 48 38
31 36 27 44
26 28 13 10
37 38 2 26
49 4 48 29
13 46 17 40
34 44 18 23
18 38 47 9
45 16 11 19
3 43 30 49
43 33 47 21
36 29 19 15
9 47 5 1
12 11 2 29
17 7 13 38
31 45 31 24
25 46 53 14
25 23 50 46
49 38 2 28
13 19 40 15
15 37 20 42
53 15 34 49
15 16 52 4
55 2 55 42
27 51 51 22
14 28 49 27
7 2 23 33
20 2 32 1
9 1 40 47
41 27 28 50
2 13 14 46
32 49 15 31
17 5 47 47
20 23 7 40
42 20 23 47
12 24 50 47
41 29 7 47
37 16 21 54
37 51 18 8
55 43 7 29
28 27 25 43
13 33 23 27
36 48 37 13
1 10 38 10
43 14 5 37
54 11 13 14
51 34 24 32
26 26 21 41
33 6 40 21
39 32 52 44
45 14 16 21
20 8 21 5
7 14 1 48
51 25 7 49
4 47 6 23
47 38 46 36
32 30 36 52
28 43 11 5
1 45 30 31
9 40 45 24
54 16 28 40
29 22 47 9
54 47 34 24
3 45 14 38
25 8 11 6
5 15 19 55
23 4 50 32
28 39 41 47
26 54 28 38
28 46 49 25
16 8 41 53
1 12 46 54
15 26 2 54
47 24 12 17
43 7 1 32
52 12 3 29
54 11 25 3
13 3 23 1
26 35 38 31
52 55 42 16
14 46 8 23
34 35 23 33
43 30 55 32
47 20 53 51
9 48 40 18
9 46 48 34
7 52 2 31
34 16 14 41
30 34 47 18
49 43 8 38
7 35 4 15
27 13 21 43
42 40 37 54
23 41 29 43
32 10 23 43
8 5 51 51
21 51 39 54
45 51 44 39
22 21 43 49
12 19 3 28
21 43 49 52
52 21 55 11
30 55 16 21
53 44 13 38
18 10 54 49
37 10 17 4
16 51 10 5
29 14 44 49
37 45 6 26
26 31 13 14
26 50 1 19
8 39 46 4
17 33 33 14
51 46 27 16
32 54 23 47
34 25 36 26
9 14 6 22
37 12 37 51
4 48 40 18
26 14 12 10
23 8 45 15
52 36 45 23
13 18 36 40
16 54 29 24
49 51 4 43
16 41 49 47
12 30 54 45
8 42 44 6
49 1 3 41
21 37 55 52
4 48 16 10
52 38 9 16
29 47 27 6
55 35 22 32
44 18 18 9
1 39 33 11
21 26 51 33
40 28 22 41
19 18 40 37
45 34 33 12
54 44 54 29
22 26 19 51
40 28 18 20
13 3 2 36
31 4 46 46
1 21 45 31
50 24 26 12
23 18 1 46
6 40 9 10
10 35 19 20
15 53 35 36
46 16 52 33
11 15 27 19
12 30 37 5
35 15 14 32
11 47 3 47
16 24 37 10
12 55 26 29
25 16 9 12
26 45 7 27
41 47 22 43
4 20 13 15
38 36 29 43
7 6 2 53
11 53 15 51
27 40 31 9
8 47 1 9
17 12 14 35
10 4 50 6
49 12 43 35
18 27 45 23
16 33 19 18
4 51 5 1
30 28 44 28
43 53 31 38
6 5 30 31
19 41 28 32
23 43 28 52
44 52 18 54
36 46 22 28
47 46 13 43
5 18 7 50
36 46 5 52
13 53 42 40
26 18 4 51
8 55 54 51
24 14 27 14
43 48 38 38
30 6 32 47
29 47 54 18
53 36 36 7
54 20 19 20
42 10 55 41
16 2 54 5
9 48 17 37
18 13 11 54
14 41 9 29
45 52 4 55
27 25 28 19
45 11 27 51
3 39 3 48
17 14 17 7
48 38 41 39
16 36 1 1
42 9 33 31
38 34 23 8
4 22 23 43
37 22 11 48
37 55 36 37
23 46 10 38
1 35 38 2
5 3 50 13
17 46 42 14
14 41 5 15
33 48 24 54
33 52 30 38
19 32 24 26
7 39 40 44
18 31 23 34
27 36 4 29
51 38 47 26
43 42 35 44
4 49 20 55
55 35 44 25
19 49 33 48
2 11 2 32
26 29 39 11
41 17 13 16
17 32 44 25
2 54 41 51
12 53 36 15
10 8 34 55
2 27 14 53
13 25 21 19
26 30 8 5
1 54 27 36
19 17 54 39
53 49 23 45
10 27 21 8
23 30 54 43
43 9 20 18
14 44 22 10
28 13 32 23
50 54 37 47
1 29 42 43
47 45 19 14
39 40 12 42
47 54 31 46
2 47 6 54
23 3 17 18
40 43 1 27
32 39 16 4
34 4 51 2
19 28 5 38
33 48 21 46
1 7 30 32
28 51 47 49
27 37 28 47
2 48 36 30
13 46 21 22
5 51 27 49
48 18 43 47
29 36 40 8
26 55 22 39
52 46 39 18
23 36 52 14
25 11 27 29
43 42 40 14
33 50 20 1
9 48 19 1
34 52 42 55
48 52 43 7
5 1 26 50
32 29 39 21
29 9 39 39
26 19 20 16
15 45 28 26
16 30 27 8
2 45 21 26
12 36 17 25
7 18 8 6
41 27 8 36
43 47 54 16
22 44 42 2
19 47 39 52
18 40 9 6
36 31 48 41
54 39 22 35
48 33 30 15
13 34 7 46
17 15 51 2
14 14 31 30
54 36 54 4
8 37 47 50
30 27 1 14
15 30 1 1
26 43 41 3
40 16 29 19
42 42 13 22
27 20 21 39
8 41 24 26
8 40 30 14
42 3 48 6
8 30 25 22
28 8 14 52
48 36 14 3
54 43 49 16
44 50 37 15
28 42 28 1
28 34 46 54
17 43 36 47
7 13 26 47
32 34 20 24
15 3 18 33
1 7 16 50
17 21 30 52
31 18 34 47
16 2 5 19
25 6 47 49
22 15 55 42
23 27 44 34
43 31 15 46
1 47 9 44
34 27 42 36
47 12 54 55
34 2 55 23
35 19 52 26
39 40 31 19
22 15 24 14
48 32 34 52
14 20 19 22
55 13 39 40
23 45 45 40
27 15 36 7
47 39 19 5
6 21 40 41
11 13 27 37
11 44 38 19
12 9 20 48
31 23 34 47
20 45 1 20
32 36 7 4
8 36 38 32
38 41 33 40
9 39 28 55
34 1 43 15
24 6 25 39
15 54 24 51
2 42 49 44
40 18 27 11
31 23 42 23
1 26 35 16
27 27 37 17
31 42 49 8
51 40 19 33
5 11 39 54
44 5 37 48
35 12 37 13
5 17 10 20
8 53 50 31
42 52 23 20
21 30 41 31
16 48 54 52
36 52 52 5
33 5 1 5
28 43 50 52
6 52 26 49
28 6 17 27
25 13 3 46
37 52 43 43
52 41 6 48
36 49 39 34
6 9 46 55
11 10 52 30
26 27 13 12
15 20 33 48
28 10 49 5
48 40 17 42
43 45 36 25
48 13 11 36
46 45 27 29
43 40 13 29
51 47 45 11
46 44 24 55
43 32 1 14
1 20 2 22
29 41 36 10
41 54 52 42
13 13 5 9
12 49 26 48
23 33 27 19
18 47 2 37
17 30 54 54
7 22 36 1
52 29 27 34
14 40 45 26
7 35 23 8
34 9 4 9
51 54 31 17
43 36 48 22
35 55 11 50
33 52 39 39
25 55 37 34
14 21 43 41
36 16 29 40
9 10 40 13
47 54 32 33
10 49 24 38
17 16 4 10
17 49 51 13
30 44 5 5
54 54 25 17
31 3 42 22
18 48 33 14
55 32 24 2
26 23 33 39
6 35 46 28
18 48 53 12
54 18 19 9
33 28 38 17
25 29 15 47
25 15 36 19
25 8 27 53
26 48 25 41
28 50 17 26
28 55 49 20
14 19 45 3
17 47 54 38
55 10 25 14
53 4 54 4
16 35 21 12
33 20 55 10
43 47 46 24
3 9 3 42
15 19 5 51
45 48 46 4
16 40 40 9
2 36 44 30
45 47 23 27
13 6 5 32
13 3 44 33
51 32 47 47
14 26 10 18
32 48 34 21
12 42 27 36
21 28 29 42
25 22 27 27
22 18 51 34
44 35 5 39
32 21 43 36
47 3 24 7
54 20 9 43
36 4 28 50
28 38 53 38
39 10 8 7
50 21 9 4
6 10 11 26
55 43 4 28
18 41 13 20
2 49 7 34
49 11 4 18
11 2 32 30
12 21 24 5
38 52 41 8
29 19 37 45
37 7 11 2
20 4 14 3
31 20 18 15
43 15 21 6
28 1 27 7
49 52 20 1
11 3 4 29
52 5 29 35
50 9 33 9
47 33 32 1
21 43 21 45
36 45 39 43
47 33 47 36
16 29 51 4
39 17 50 43
1 38 43 16
23 8 3 19
50 51 5 40
26 4 19 28
20 5 47 28
30 23 46 30
55 53 51 32
18 41 18 5
41 4 32 3
50 15 44 54
33 13 38 14
50 3 40 5
30 25 22 3
17 39 34 37
5 35 6 34
38 31 51 6
17 35 25 46
8 44 7 27
48 30 49 12
18 17 52 36
46 6 52 48
53 50 25 41
24 52 55 29
7 17 3 47
23 38 18 3
28 8 4 52
49 9 40 48
34 16 53 16
7 50 26 30
20 31 26 54
50 40 36 17
42 48 36 36
6 1 32 29
3 10 23 52
37 1 10 34
41 39 41 8
51 39 44 13
34 47 7 2
22 25 19 50
8 2 24 15
29 12 17 44
27 33 9 1
2 22 23 24
14 19 38 18
22 20 12 34
51 33 38 24
31 37 41 38
36 43 42 29
49 28 46 8
5 27 15 4
21 54 29 25
10 52 29 28
38 30 19 13
41 7 43 46
46 37 43 37
46 47 41 7
48 7 41 51
17 18 29 36
54 44 11 19
4 52 18 40
46 10 16 26
26 48 10 7
21 27 12 44
54 14 38 43
4 46 45 51
27 14 36 3
24 53 12 39
31 33 32 16
32 9 52 34
43 42 18 41
39 55 23 8
48 2 48 54
14 39 9 9
27 17 28 23
26 17 11 21
34 3 17 32
22 9 41 4
46 46 55 40
54 50 12 37
55 53 27 49
1 29 26 35
7 17 3 37
20 12 11 43
36 49 20 37
43 22 9 46
11 6 46 30
34 52 1 14
29 30 41 41
48 1 39 27
12 50 19 16
48 42 39 10
12 39 17 11
50 16 17 5
8 49 2 18
47 27 31 30
42 1 21 29
49 39 34 50
29 41 43 46
14 26 16 30
20 23 28 50
52 11 38 4
49 5 51 10
41 18 53 27
54 49 11 44
53 23 28 55
2 55 48 23
55 39 43 14
29 16 54 9
8 34 1 2
30 19 8 18
26 24 35 40
8 14 32 21
38 45 55 45
53 31 4 9
28 47 10 19
41 50 18 17
47 42 1 37
22 17 53 50
43 14 25 10
50 53 8 4
15 8 37 41
11 18 28 27
51 37 8 47
54 16 46 12
52 6 1 44
13 6 15 9
39 46 47 35
5 55 40 39
41 4 1 36
1 4 11 13
26 29 39 41
51 13 17 25
8 13 47 35
50 38 6 5
49 51 52 48
29 46 45 50
22 41 25 19
4 32 45 55
48 13 28 39
15 29 15 16
35 5 36 26
20 27 5 47
25 32 37 21
3 9 36 51
42 42 17 34
26 6 39 23
48 43 14 6
21 19 22 1
28 37 38 12
6 34 44 17
39 26 8 37
19 27 5 49
50 4 32 16
52 40 34 35
44 27 50 18
36 24 3 53
1 33 55 36
16 2 25 39
31 17 10 8
31 48 6 6
3 4 33 34
15 1 5 37
8 37 48 24
50 27 16 3
44 52 23 54
13 18 41 42
50 6 39 20
12 45 32 41
31 31 40 13
9 43 54 14
20 4 25 18
14 19 29 19
39 15 37 46
36 34 18 18
52 11 42 43
8 35 30 47
39 24 48 32
38 22 8 33
14 52 44 4
17 50 27 2
5 54 8 15
3 10 5 10
33 11 16 5
38 10 30 47
54 12 4 15
20 4 16 5
36 44 21 3
46 52 19 38
24 54 49 52
20 15 39 46
14 37 18 3
15 12 39 32
42 2 25 42
4 44 2 31
3 43 7 1
47 4 6 46
22 10 18 43
43 31 43 36
12 33 53 31
42 46 49 12
1 51 49 2
10 35 20 16
6 49 24 42
50 52 16 51
28 46 31 38
11 43 46 5
6 47 4 52
28 10 51 53
52 2 36 44
37 31 21 41
14 35 13 42
21 42 26 14
32 52 20 20
22 42 46 38
48 44 20 7
28 6 55 43
18 32 4 33
3 17 1 18
36 45 16 9
17 4 43 50
22 54 8 29
40 33 27 16
17 28 15 25
27 53 52 11
44 4 4 6
53 18 42 41
6 39 20 43
53 1 14 7
46 1 32 29
7 29 36 32
43 18 15 23
10 45 46 31
53 55 36 49
21 6 25 49
14 1 22 42
40 15 7 45
51 39 1 55
9 47 42 9
22 6 15 42
50 28 22 40
36 44 33 13
54 47 4 51
20 9 43 1
1 2 19 10
18 54 15 34
5 15 38 6
36 24 38 17
48 20 26 43
49 44 26 29
15 5 12 25
25 1 16 21
34 27 9 15
47 18 53 44
46 43 51 28
27 20 11 10
53 8 54 50
9 8 2 8
26 4 31 54
53 51 38 5
24 54 36 43
31 27 49 24
41 33 33 24
48 36 38 16
45 34 46 16
44 38 47 16
53 10 36 53
51 55 17 47
39 43 24 34
19 4 40 41
10 23 1 24
15 44 50 28
37 40 12 25
3 31 11 22
33 4 28 49
11 51 21 45
7 5 34 55
54 31 17 35
26 49 19 29
8 48 14 18
24 13 15 53
16 20 8 7
42 39 35 38
43 34 9 2
46 1 29 55
50 27 7 2
15 18 14 14
45 53 9 41
43 10 43 49
46 9 15 33
50 30 17 24
22 52 3 7
7 33 37 3
54 28 24 20
17 11 33 10
47 22 2 16
14 27 12 27
29 41 51 12
2 39 23 17
5 54 54 1
17 40 26 12
31 39 44 16
34 35 17 13
31 52 20 31
49 24 40 17
46 43 7 37
39 38 33 36
27 33 54 31
39 35 24 4
33 53 2 1
31 46 8 23
33 6 29 50
18 19 21 26
35 43 39 23
19 24 53 33
24 7 36 23
37 9 44 47
16 43 54 22
4 11 35 51
43 31 10 37
7 41 19 4
28 54 27 11
2 10 45 8
32 54 42 34
24 15 48 21
12 23 13 27
46 37 53 37
51 8 33 39
28 55 51 13
32 19 21 28
47 52 44 30
40 44 29 3
51 50 3 17
20 41 9 29
50 47 21 51
47 25 44 40
22 40 52 10
15 24 43 30
42 34 31 17
5 46 22 51
2 16 33 1
53 14 35 10
46 47 10 34
46 38 12 35
36 6 12 9
30 30 52 21
53 35 18 49
9 16 3 15
2 23 55 8
34 19 15 41
3 20 22 4
36 13 41 12
21 51 39 1
48 27 32 7
14 49 30 14
46 45 9 48
2 1 16 29
23 46 32 3
38 42 55 48
54 7 33 7
13 48 52 50
6 2 40 40
19 41 47 2
28 41 2 38
55 35 13 29
43 4 42 3
44 42 46 24
21 54 2 16
36 20 49 37
55 17 10 39
14 36 3 5
55 29 55 34
4 22 20 25
41 25 50 43
24 2 38 35
15 50 47 54
25 1 9 20
54 28 37 44
3 1 5 49
28 6 19 25
25 43 16 22
49 23 15 9
40 49 39 54
24 3 55 11
7 50 8 12
36 42 21 24
51 31 15 18
43 8 46 22
32 17 4 51
25 6 6 20
11 13 48 19
40 26 53 54
1 51 45 41
5 31 26 22
40 43 43 13
32 54 12 53
49 11 24 46
33 40 2 19
48 30 28 10
14 46 14 23
13 16 44 13
17 37 22 26
54 2 37 55
5 51 36 29
24 11 27 26
9 30 34 19
48 42 34 36
18 21 8 2
8 4 10 34
47 7 55 14
25 11 38 20
5 51 29 39
39 7 44 14
17 26 31 15
46 42 15 20
32 53 28 17
5 49 7 5
26 31 34 23
29 25 34 10
32 32 51 37
42 42 49 32
32 55 5 49
24 46 39 29
32 23 26 31
11 33 35 17
13 55 1 51
45 47 21 37
26 54 43 30
22 50 44 49
22 18 35 52
5 12 53 16
15 27 53 55
53 55 34 9
49 46 28 37
33 46 28 26
1 48 1 25
19 24 39 40
16 37 3 16
14 18 5 18
10 25 13 22
13 11 44 34
12 14 40 41
12 52 25 53
43 17 38 13
46 55 36 14
54 49 26 41
45 16 44 51
53 14 8 42
14 38 23 20
35 28 43 1
50 42 51 7
37 30 36 11
3 20 33 45
8 5 52 33
54 34 26 51
44 30 15 52
19 29 4 19
40 40 36 14
16 9 6 13
38 42 45 27
22 29 1 3
17 19 32 48
43 30 23 11
19 51 45 47
3 43 2 47
37 27 21 27
25 24 6 32
7 29 38 15
46 7 32 43
10 32 15 18
20 2 5 9
4 55 55 46
45 23 5 35
41 25 15 19
29 55 43 49
29 15 32 38
34 29 22 5
42 14 25 5
17 35 28 20
3 13 14 44
17 52 42 11
15 15 21 55
4 10 52 32
4 49 1 9
52 14 2 17
43 8 2 49
50 28 8 37
45 35 26 52
12 21 8 6
15 53 53 12
44 14 40 37
49 5 42 49
24 2 13 8
10 8 36 33
54 21 40 34
3 48 6 13
49 13 26 4
34 20 25 52
9 43 16 33
27 46 45 24
9 34 4 28
44 26 37 51
8 28 21 49
14 44 16 23
13 10 4 1
11 36 46 7
38 26 10 51
42 48 17 9
29 52 22 55
4 42 42 40
45 45 36 10
35 26 51 6
12 21 51 39
27 24 33 22
12 3 34 4
12 6 26 23
44 54 47 36
37 18 37 28
55 39 20 29
2 18 44 22
52 54 51 7
19 26 41 42
5 12 22 23
11 27 31 45
42 3 23 15
14 26 3 8
45 12 27 27
53 2 32 7
55 23 31 23
15 52 52 16
38 47 49 10
15 38 13 28
48 29 55 49
55 13 51 46
52 35 17 45
7 44 10 3
19 38 38 28
48 35 17 38
20 34 21 53
27 36 27 31
11 46 30 29
12 16 29 47
33 31 19 7
43 34 11 43
3 30 15 44
26 34 20 7
39 2 14 26
55 44 12 26
1 21 8 54
1 19 9 55
34 14 38 39
47 8 22 53
26 30 5 16
27 16 6 47
17 34 8 7
17 19 35 1
3 28 37 21
18 11 51 46
42 1 30 18
46 42 31 40
51 46 51 45
20 7 21 37
5 31 22 52
3 24 54 25
48 50 12 11
2 28 33 33
17 53 51 25
55 24 48 55
41 1 30 49
27 27 48 42
43 49 20 5
23 38 24 23
49 28 32 31
34 23 54 40
34 35 46 5
38 7 37 27
12 24 54 24
46 49 10 44
44 4 54 35
10 48 4 25
1 26 36 34
37 35 13 11
15 39 4 43
3 19 2 54
20 32 32 50
14 18 45 38
27 20 46 6
30 7 11 2
55 47 41 36
26 6 3 48
46 37 35 52
31 4 50 29
22 17 42 30
48 10 44 18
50 19 2 6
31 49 6 40
45 19 55 44
15 11 27 3
11 41 53 14
37 36 22 52
36 28 21 36
42 16 49 51
18 21 54 48
40 35 1 51
8 11 44 16
14 37 12 1
20 5 45 32
5 55 36 3
36 5 42 5
36 10 21 27
36 54 33 28
31 34 9 18
27 17 40 45
49 20 31 17
24 47 52 12
20 15 49 18
13 30 53 23
41 41 31 22
2 14 50 52
42 13 20 17
42 12 47 8
35 38 42 50
34 39 7 34
53 38 30 17
24 44 33 38
16 51 30 48
40 11 27 28
33 4 37 27
3 42 32 23
12 19 52 47
17 12 42 5
26 19 13 52
42 48 54 36
52 11 17 55
1 39 2 21
45 13 9 40
26 18 17 51
30 13 41 43
28 15 26 52
18 41 20 26
3 19 30 18
2 27 15 47
23 36 20 31
21 22 38 54
28 12 44 5
51 10 53 10
25 17 1 11
43 38 19 3
2 1 26 38
24 21 50 13
2 29 34 32
29 54 45 6
45 39 52 31
52 20 25 47
10 9 7 31
24 38 46 43
47 28 43 25
8 7 46 11
47 35 47 32
20 3 17 30
42 48 43 4
9 25 27 17
13 7 24 3
53 55 37 4
46 50 45 12
39 34 11 3
13 21 42 7
7 41 48 3
25 3 37 26
33 55 44 13
3 30 24 10
13 6 35 26
43 23 40 46
30 10 55 31
13 37 47 11
26 36 37 28
47 38 52 25
12 37 53 42
51 16 47 55
42 8 4 28
19 43 22 31
17 7 21 10
8 47 42 54
45 38 39 3
42 50 53 29
15 43 11 19
22 28 36 7
24 28 54 14
23 20 4 10
36 36 1 50
53 5 22 6
34 19 23 33
41 44 48 22
10 37 19 53
38 2 14 19
31 23 27 6
46 17 48 21
45 2 45 30
40 16 17 42
47 39 26 8
9 10 13 17
4 41 38 50
28 1 14 43
5 24 38 26
33 49 33 40
5 50 26 8
41 44 6 27
29 2 29 19
32 8 40 24
19 44 52 53
5 41 31 35
44 36 21 31
29 34 11 12
22 31 33 27
32 54 25 19
29 5 23 34
35 12 19 4
19 29 34 40
54 34 28 38
8 46 5 23
35 35 10 36
4 48 42 12
34 10 29 40
9 12 17 24
20 4 30 23
33 49 40 30
37 6 36 25
15 39 36 40
48 20 9 33
3 1 46 31
46 39 34 45
40 20 27 48
42 46 50 19
23 31 11 45
39 6 55 33
2 41 30 31
46 35 42 43
18 24 7 43
43 8 44 19
49 39 34 21
49 46 12 55
55 55 39 18
18 16 36 46
16 51 46 11
17 23 19 12
48 15 23 42
10 44 35 47
24 28 12 28
26 23 21 25
32 34 32 39
47 18 2 38
54 5 5 30
24 11 39 46
48 11 28 42
28 29 37 4
41 48 44 25
15 25 18 23
41 34 20 22
29 3 33 8
46 44 36 9
53 10 13 51
18 11 40 46
54 49 40 23
1 54 21 20
39 45 5 11
25 48 12 14
4 11 37 38
44 36 19 23
25 6 32 49
2 17 25 27
17 40 40 39
2 46 41 37
26 13 11 39
35 53 14 18
36 20 3 20
48 16 46 43
32 34 50 37
14 40 28 19
43 14 49 51
53 3 41 5
55 53 52 42
2 23 50 28
52 9 2 43
48 14 54 26
18 47 26 52
19 31 39 36
6 36 21 15
29 40 9 24
26 9 46 25
42 53 13 47
41 13 49 43
11 11 49 20
2 52 37 16
2 21 1 16
48 44 40 54
16 51 10 27
46 35 44 5
41 4 23 15
19 8 42 14
49 7 14 48
53 2 7 27
43 45 38 55
24 28 22 25
33 55 39 23
12 11 39 23
52 47 28 28
24 43 2 54
55 49 4 23
5 15 9 7
17 34 21 29
37 10 17 54
51 53 40 53
24 4 25 31
30 23 43 47
10 28 19 17
29 42 40 54
47 24 1 6
15 26 8 37
49 4 18 45
35 29 50 18
19 53 7 39
14 29 48 52
30 19 29 12
29 28 10 37
43 18 17 26
3 34 10 49
28 4 45 16
53 43 29 24
36 47 15 27
35 21 4 55
45 34 12 44
7 52 7 40
38 51 14 24
52 20 30 35
44 33 28 1
25 31 55 32
8 21 21 24
22 12 52 33
22 38 12 40
37 1 24 35
53 4 3 44
38 1 44 28
44 48 35 27
45 44 15 5
50 25 19 28
39 13 7 45
46 29 48 13
49 29 2 6
8 17 44 55
50 44 52 3
27 40 41 34
24 48 25 46
38 9 20 13
7 37 25 37
38 25 41 35
33 11 27 47
30 41 48 36
7 18 14 39
5 25 1 8
31 48 19 48
36 20 43 46
31 42 31 30
9 49 7 55
25 48 9 19
30 8 10 31
6 6 23 29
39 26 24 52
52 35 49 51
27 14 30 21
45 48 11 1
55 46 53 30
19 22 41 38
52 53 44 52
6 14 9 42
24 36 16 46
49 6 46 14
9 10 21 51
6 40 34 44
47 48 2 47
6 49 48 51
22 44 54 28
31 26 6 11
53 28 13 24
23 32 15 37
19 10 46 20
30 37 51 32
28 39 39 14
23 44 52 19
1 54 45 39
36 54 45 52
36 30 28 26
47 5 9 40
55 55 9 25
26 4 6 53
18 55 53 25
15 33 26 53
44 33 26 42
28 16 10 47
31 35 5 19
7 7 1 50
12 6 17 40
8 38 31 1
36 47 9 22
24 5 8 32
31 28 34 48
10 22 23 6
28 34 3 47
42 36 10 54
50 18 29 10
17 46 28 12
39 18 11 11
2 9 3 17
9 42 51 16
21 36 18 24
53 27 45 55
11 13 17 27
18 53 30 26
27 18 4 45
32 7 4 34
42 32 48 3
31 4 53 22
46 55 17 38
26 7 3 2
50 26 4 53
51 52 33 46
33 45 15 45
27 6 48 36
3 31 47 54
2 35 10 16
43 35 37 41
2 5 49 29
36 1 24 30
24 19 54 36
14 30 53 19
27 20 33 13
17 16 14 42
40 45 18 32
41 55 51 36
35 24 1 54
12 11 2 41
6 10 33 34
24 9 31 53
21 7 43 10
27 52 19 53
37 36 27 27
43 37 36 26
45 30 26 21
49 21 9 36
24 13 19 51
55 27 25 41
45 14 24 38
17 38 34 2
48 54 9 7
37 25 18 5
35 36 13 35
5 8 14 6
41 35 40 15
50 22 25 42
30 52 7 46
34 48 27 17
9 5 24 48
34 53 22 3
53 21 38 41
17 54 47 53
1 26 43 11
5 10 11 51
30 55 35 14
4 45 7 41
51 16 38 42
