5000 100 4999
9 48 56 158 175 191 256 284 512 522 590 614 644 659 776 883 917 942 1033 1165 1175 1200 1217 1218 1221 1225 1229 1263 1517 1569 1571 1607 1608 1649 1661 1667 1711 1714 1737 1752 1892 2026 2120 2185 2188 2215 2235 2242 2269 2323 2481 2514 2633 2643 2700 2761 2908 2929 2998 3081 3123 3200 3214 3217 3221 3237 3326 3413 3469 3499 3522 3528 3664 3675 3677 3757 3793 3826 3839 3913 4052 4113 4206 4277 4420 4498 4561 4572 4587 4689 4735 4805 4815 4832 4843 4884 4930 4978 4980 4995
3524 4111 65
1303 4087 31
2812 3113 87
407 3750 16
4715 4473 79
2242 1104 39
956 1993 14
4862 2634 76
2494 3506 57
2162 1366 65
4692 1786 4
680 4982 96
2097 597 6
2988 4336 99
4224 3666 45
2704 1797 64
2877 3754 93
3907 2380 76
3982 4391 56
939 2853 10
4585 3860 70
2780 4710 60
1038 3790 35
1379 319 75
2762 3370 85
3089 668 85
2098 2343 85
3553 3336 14
176 1522 40
2900 296 100
4980 3353 73
187 4004 3
3790 2026 54
307 3445 63
3140 1871 73
1933 385 20
929 2603 84
4230 1422 48
1058 297 35
536 4348 4
3453 1219 55
3132 4928 42
4098 769 48
2599 2625 92
4330 2742 13
464 948 9
1324 4135 72
37 531 10
4688 1287 52
2576 37 47
3698 4727 81
4669 3570 44
4638 4059 92
3154 3848 65
3941 2016 42
3115 3534 78
4542 886 64
584 877 4
1309 2374 26
1414 1501 7
2266 4183 100
1444 4975 78
147 3846 88
1941 884 1
2862 3428 40
4564 4312 75
3364 148 34
4624 2121 2
4427 3746 49
4207 3664 79
4604 2932 11
1614 3452 37
4038 3779 60
1995 801 40
4145 4286 81
836 3461 33
3859 3377 70
1800 3457 28
515 1162 38
2245 4463 21
1660 1305 63
3302 4706 97
115 1504 84
524 420 16
2738 1547 29
4140 3836 93
1012 1719 83
1540 257 51
2959 361 57
1385 4361 56
2704 1159 39
3738 3709 5
3945 3633 9
1989 3653 7
3171 1490 35
1135 4792 22
1073 4790 3
1013 2161 90
3208 126 37
3050 479 59
1419 1665 5
3085 4556 32
1328 3483 47
2776 1969 52
1767 4516 59
81 3074 15
2799 442 9
4567 3613 50
2796 3626 78
2454 879 10
1700 2729 15
1309 2388 71
981 439 11
1250 397 78
4898 2303 49
4500 2529 7
114 3727 51
155 2541 2
4107 2347 97
2626 3727 70
101 4252 61
3291 1392 32
276 4704 45
4355 4977 87
3824 3813 60
2484 1768 92
1256 941 85
2578 1321 47
3964 4082 7
3130 517 71
4801 4216 15
4909 206 66
845 4931 45
3076 1538 52
1954 2049 25
1957 1846 92
1253 39 86
3792 2093 95
1397 125 34
4760 2321 72
3113 4184 2
999 4155 89
2969 1439 84
2428 4355 52
495 4527 81
2155 2078 99
1695 3811 69
3641 3155 21
2440 2750 44
1636 612 37
4872 3221 29
995 4271 42
4548 1242 100
2932 950 78
601 2221 99
425 4064 42
3744 407 73
4622 4097 74
4026 2633 67
1389 2546 75
2259 2119 31
1662 1372 44
4938 4591 83
4536 1393 92
2984 648 77
4871 756 85
1061 2304 40
3765 2855 86
2354 2182 63
899 1585 44
2853 4975 75
3029 4836 46
4474 998 1
3951 2039 55
4750 2887 56
216 1968 65
2957 1668 66
769 1367 18
3475 1057 75
3872 770 45
4983 3590 53
3907 137 86
3280 810 93
2094 1234 24
848 3209 94
2307 158 21
1111 4089 97
1046 200 38
4479 2626 27
3809 3738 20
875 2740 8
4855 4287 31
3950 4181 97
3077 4554 92
2369 3211 5
3377 3363 20
2323 1336 97
1301 246 76
904 4009 72
533 4691 82
1790 856 28
3697 2079 66
3215 367 65
436 4222 41
2672 3509 14
4766 4796 50
3722 341 20
4413 3888 38
220 442 33
2251 1271 28
2294 1409 95
2223 4750 36
3388 2088 85
884 2214 62
3922 4008 96
3953 3208 71
1742 454 11
4837 4465 84
264 1663 100
766 2517 86
4421 4527 24
4677 2014 69
3724 874 44
2505 3574 46
3836 1412 63
1976 2223 15
2991 3931 85
2176 772 40
2586 2029 45
4447 2986 86
1880 3627 86
2683 1520 3
106 828 95
4330 2725 94
701 1531 3
3607 1487 69
1924 3249 12
2925 1611 21
510 267 7
368 743 82
332 866 57
3701 3513 54
4700 1368 70
4420 3261 94
960 2937 62
519 1757 51
2377 1048 7
3476 878 52
2795 4338 66
4958 3072 21
1928 1090 7
3112 655 51
945 3742 22
3297 3201 19
2501 1022 3
3606 1055 65
2923 1352 66
3059 1833 56
1673 1292 88
3253 3911 1
3228 502 44
4174 4502 17
1884 2860 17
3678 3278 9
3680 585 88
648 2142 42
3886 4736 49
1628 4449 65
1811 1484 24
3142 2158 3
965 4801 69
2621 4979 50
4029 2747 69
2876 3258 22
3848 4326 59
4597 1894 9
3203 4019 14
2735 3505 31
2999 600 28
4240 4661 94
5000 4540 16
4223 645 63
140 4411 42
1299 807 20
785 4430 86
4595 1147 45
334 1106 18
3196 2371 96
2089 1862 25
1568 62 29
4578 2880 73
2253 2223 65
1589 3389 87
2032 4990 3
3272 1039 65
107 2053 46
3596 452 77
1637 2212 44
2046 366 55
4273 4431 69
2243 4204 98
3651 2036 98
4769 3205 62
3849 3115 38
257 3793 2
2665 4173 74
3022 3464 10
1602 3291 4
4647 1473 58
4508 983 100
2250 1767 6
1492 1235 38
4825 801 38
334 144 10
4104 3511 30
1557 1237 66
2032 651 32
284 1145 55
618 1053 64
1835 175 66
4351 2292 90
4133 3653 13
4770 150 33
3140 1109 16
3923 807 98
4483 2531 90
10 2538 43
693 2326 63
3650 1047 57
965 1284 58
4453 3381 22
3877 787 50
3143 2116 46
4763 95 69
1219 704 59
3655 3103 52
776 1289 100
156 2178 84
4987 2840 60
1413 3616 93
4494 86 34
288 1920 96
4780 4099 65
2710 2964 48
1442 2042 49
1944 3985 46
2340 4569 2
4257 2978 61
363 3032 99
4390 1100 68
4371 3752 82
4583 3963 100
228 1597 35
1215 2272 29
464 1271 19
2336 3347 30
4856 3362 5
1115 3298 88
540 4921 42
127 3528 27
1344 3747 87
2956 17 34
3121 524 5
4782 4988 92
3392 2220 99
2570 192 20
1595 1135 59
3331 899 63
1748 2187 15
794 2691 98
2193 4278 100
3858 1036 85
103 3272 38
2088 2129 6
2603 3244 74
3543 4818 91
1701 1858 20
2052 926 28
4082 3243 70
4402 4406 44
4455 4957 89
3310 4011 94
20 2470 34
2243 2102 5
3381 29 97
3912 3543 59
439 2510 79
1481 4709 85
1424 2424 92
3882 2885 24
1566 4046 54
1596 789 48
2565 4877 36
1680 1789 87
2673 3360 88
2473 4972 82
435 3642 27
3657 3387 91
1852 761 70
2620 2041 29
4262 993 2
4175 4473 2
4123 4496 30
2325 1843 39
2747 1571 54
2639 1477 29
1229 3615 87
556 2235 40
4403 2597 18
4332 3322 98
1702 4710 35
4769 1258 3
3272 1476 20
1969 1289 16
2183 15 30
3908 3180 98
1888 3465 28
3888 3617 4
2242 688 17
4896 4791 56
1604 2249 14
2424 592 9
4156 310 40
1164 977 62
2153 2161 76
4607 3095 44
4996 708 88
4166 867 37
2874 968 72
4308 4403 66
4607 3726 45
2692 561 3
3047 2549 70
1252 186 70
487 2628 26
1274 317 88
3276 3655 21
143 2730 59
2024 3669 7
499 2443 74
3261 3937 34
3844 2774 81
4627 3228 55
1536 2130 59
4493 1002 49
3865 2155 18
4984 3497 10
923 442 82
3991 2120 16
3012 3859 52
1641 30 34
4717 4384 97
352 177 45
4108 4479 53
1203 1394 75
133 348 46
2467 60 31
4271 214 71
45 368 48
3466 2216 49
1007 4984 51
2426 1631 53
770 662 31
3931 992 52
2235 1905 40
2355 4122 93
2760 2446 81
4985 3936 79
3803 3147 36
3420 2794 7
2228 2 75
4954 1026 94
3728 3899 81
2241 2702 85
1438 2076 5
3166 1343 76
4366 1929 20
3242 2615 69
1506 3247 76
3143 2466 42
1687 4367 45
912 3650 4
3883 1628 57
2629 1187 12
282 899 95
3839 2627 87
1370 4229 47
3487 4030 8
2256 3630 16
2784 2871 99
1367 4669 20
437 3027 89
2374 1848 16
4567 919 4
1958 2294 16
1325 1736 36
1354 1494 58
2759 306 79
652 1356 86
436 3160 41
1808 4259 67
1717 1296 61
1247 631 77
3018 4968 3
4807 4610 87
3375 663 31
3821 4340 86
1173 838 93
2802 2926 85
1120 1223 87
1519 3580 10
2916 1283 50
477 4369 42
4450 1279 50
2788 1248 78
1946 321 91
2986 3348 17
1694 911 27
2007 149 33
4724 4417 59
2579 1007 80
932 1000 48
1175 906 93
590 3751 29
344 603 82
142 2532 27
2090 4609 97
4665 955 49
1502 2821 12
4312 2900 60
304 1370 26
1447 2875 33
770 3488 42
1354 1311 65
4941 4552 24
3269 970 50
3911 3990 52
4031 330 85
3665 3819 4
4519 1497 79
4626 3283 11
3949 1943 37
3193 3823 23
244 1086 49
2357 4599 16
455 3511 75
224 3905 33
4299 467 11
2365 2275 78
3867 1347 13
3789 3667 75
3223 4424 52
1014 1418 96
1030 4318 26
2586 110 50
520 2156 98
4833 4805 35
475 662 87
650 3825 37
2839 3323 45
4421 49 32
2425 2417 84
248 217 40
2156 4911 44
1931 3523 5
157 836 71
1430 3833 9
2141 400 78
668 4884 15
1582 3482 49
1832 3823 46
2657 96 61
3509 204 100
4932 1804 59
197 967 56
4035 32 19
548 4968 99
2514 3430 36
4970 4250 75
4889 1860 67
2652 3968 36
104 410 69
1281 371 36
346 56 66
1489 4792 98
2077 30 97
4164 4514 55
643 1799 96
1143 513 69
1148 236 2
1428 2321 80
2538 4341 60
2310 2169 76
4226 620 67
346 4240 20
1455 1773 66
4264 2546 95
3397 178 7
4544 4525 91
983 1684 33
3751 1574 2
3989 3852 41
4397 3576 64
336 4965 48
1604 2296 74
4042 1580 34
3697 3729 92
4083 4382 22
4835 3799 59
1462 391 20
1749 2263 28
2331 4034 40
1589 4395 5
1606 2705 92
697 1329 49
2559 1991 70
2132 408 38
423 899 17
4843 3137 97
4497 3168 74
3283 2139 53
1679 70 30
2980 3958 23
3109 3334 7
1699 87 58
64 3704 69
4053 1794 30
286 958 70
2937 4760 73
1566 3853 1
4558 239 82
71 3103 72
3221 2904 11
1633 3591 23
1811 2038 39
3825 4411 100
1463 309 22
4756 2668 44
2791 4958 55
4188 503 51
1975 976 28
4722 4165 46
4650 100 86
4191 558 9
1500 1084 30
4132 4225 88
506 1730 100
2868 3016 15
4199 3772 90
671 684 22
2894 4432 30
3681 3345 85
4959 3137 59
3974 4171 5
2355 3876 16
4672 2114 90
2134 4631 4
44 4851 86
2582 1228 63
4196 2452 5
108 523 91
2863 4248 70
2302 1957 2
335 1885 81
2647 1487 23
4873 2995 6
2024 2835 38
1570 1526 48
672 4067 56
1969 1730 35
3564 1787 94
1137 2788 1
1370 193 65
2732 2080 100
4759 3475 27
1076 3587 84
3975 2267 43
210 4273 98
3757 1158 92
1008 4304 66
2348 2748 92
3110 2170 72
2812 808 41
2688 2330 24
4239 853 91
797 3303 37
500 1774 18
687 2319 24
2437 1338 79
1746 1466 30
571 4490 98
3674 4036 98
1732 2323 73
1667 1713 40
4991 699 24
1658 527 32
184 2421 2
3221 3702 93
4267 3441 41
4379 433 17
1464 4693 19
4770 2092 89
4306 3547 87
560 1280 2
2612 3608 39
4727 1267 1
3789 3174 14
1156 1245 41
1391 4497 36
2562 3968 70
3843 3937 25
4050 112 63
225 3499 94
1972 173 80
4852 1523 59
3534 3916 88
288 738 60
3424 3809 76
200 1912 22
487 57 45
2100 3965 14
2255 2402 94
982 50 95
1685 2823 82
4361 2249 3
2775 3172 20
803 3893 67
1376 146 20
763 1604 87
830 2879 6
707 4358 93
1473 1221 14
3546 2896 73
2161 942 80
4830 90 9
4705 2922 62
3764 2116 14
3321 3479 33
3291 3636 32
2103 2339 69
1308 2973 93
895 3837 53
2549 3464 60
3136 1009 93
975 2023 34
4809 4090 96
2610 3372 18
3981 4990 85
2050 299 4
464 2987 56
1712 2705 6
2888 323 71
1219 2973 31
3120 1298 92
1304 1626 3
4364 108 36
1313 597 57
1801 1817 27
4395 1508 23
2960 4384 26
3260 2112 36
1017 4645 20
3663 4161 81
3375 2645 36
4693 243 60
3652 717 95
4648 1815 77
2009 1158 54
1805 3622 2
2710 2132 35
2947 3107 51
2920 332 4
1909 509 5
3875 257 17
930 2283 88
3981 937 16
4339 487 92
2842 1876 86
4947 1348 37
3055 1676 42
599 2865 73
2664 3213 52
4249 3290 41
3009 427 95
3881 972 76
898 3964 78
4061 4623 29
4864 3320 65
1019 4426 66
3274 4861 7
896 2829 93
1675 1368 94
2916 3087 59
1695 1561 27
1322 855 37
4277 1111 78
3026 940 77
3668 761 42
949 4074 37
2333 190 18
2106 4513 83
2294 3448 57
3806 3216 86
48 564 65
3756 4828 45
4082 1241 60
3507 3745 1
1562 1607 62
229 2901 42
105 1224 48
4670 4131 97
3007 3952 71
3933 1179 44
4162 4671 39
1044 2975 59
3766 2329 72
1586 568 54
2553 3953 42
2856 4912 33
4635 1638 56
1936 3435 3
748 3783 46
163 3101 96
2349 1795 3
929 2282 89
2490 4478 51
2588 3845 22
3857 3343 73
3267 2480 16
1912 2870 24
675 540 12
3546 654 29
2767 588 100
1155 1610 86
3302 1438 62
4199 1048 81
466 4967 62
853 219 40
482 1337 84
1890 1087 56
4758 1314 67
1619 3315 88
1703 2423 92
4 2340 29
3638 128 60
1342 1714 67
2380 4338 69
800 1282 28
2387 4431 53
4436 2210 70
796 1386 96
2257 1635 46
1536 2376 56
4460 3735 7
864 774 48
2569 3757 81
3259 1673 18
3398 1902 48
1762 3158 23
189 4890 40
673 662 88
4089 2270 15
1603 1070 26
3322 255 63
4311 655 67
3468 2118 67
3208 4211 21
4022 3508 3
4537 4855 53
3173 859 95
69 1093 48
1081 4795 69
4100 1735 86
4617 4682 36
3034 169 92
2827 4950 36
82 4660 63
4965 1766 79
3813 210 98
2909 949 59
3110 4437 45
622 2674 68
2226 3561 44
3817 4101 63
4125 2259 45
3380 4607 17
1456 3489 22
3675 285 73
419 3848 74
869 3391 22
4265 1353 36
1046 2244 76
121 433 31
3129 3547 94
3751 3035 64
29 1257 78
1025 3522 74
621 77 10
837 2938 26
1181 1167 76
3679 1407 29
14 1335 92
4276 283 61
1695 886 43
3531 4123 68
3781 3058 58
3112 2939 5
357 4226 83
4628 4786 95
1272 729 87
365 268 39
1682 1107 70
4613 1819 57
2724 3089 42
2599 2908 60
4046 1264 66
1803 188 53
2336 4159 2
1823 4099 81
814 3636 35
2293 3817 88
4505 1800 62
1356 318 46
4689 2540 85
2632 4751 15
1513 163 73
4410 1716 45
1280 2301 16
4446 730 30
265 1609 40
4532 3690 65
1338 1287 88
2792 1683 37
3579 1889 7
690 4682 8
4881 382 58
3650 2508 73
248 4062 53
2463 1903 81
3206 369 71
3829 3577 61
927 1471 79
2536 3119 74
2611 290 69
289 3501 63
2048 491 75
4471 1269 41
850 1118 80
1865 4486 82
3762 4072 21
1 1432 25
3396 3271 18
4538 366 69
437 416 10
950 2856 83
28 2847 30
1497 454 41
1094 4353 56
4459 326 45
1377 4831 25
4210 1373 83
3384 3670 9
4622 4746 39
4409 2800 50
1605 4685 44
3841 3148 63
428 4478 96
4331 4271 3
3458 3032 73
2429 291 76
2089 1539 2
3155 2184 24
1598 4103 41
3381 3572 87
1169 4057 93
1480 2029 3
723 1826 21
68 4217 51
2764 2553 73
2677 2670 76
1926 4849 74
1500 2754 30
2884 3538 91
1688 4733 3
505 2312 21
3897 613 79
2705 3689 50
3084 2600 68
2338 1656 53
4349 2699 92
704 2563 81
1531 4744 54
2967 4294 36
3061 3140 6
3921 493 55
646 3577 54
1816 3233 91
108 1285 66
1520 1352 65
3672 4141 50
403 2317 19
2959 2527 1
4912 3630 84
4597 1331 81
307 1752 11
951 3569 28
534 971 7
3525 4779 93
3884 3066 64
2747 861 65
481 3413 59
1515 1280 7
3250 3259 42
2913 1102 41
1208 1503 73
868 2476 33
3897 2943 92
4370 1154 74
3026 1845 68
2692 4748 22
557 1441 63
645 4583 63
560 712 96
3462 1209 82
2763 306 23
4303 1582 53
4061 2795 9
3515 4488 25
117 412 38
4423 748 35
4248 3582 55
498 4090 42
3288 2120 24
4095 1414 83
3075 2709 13
3873 2159 74
570 619 15
4006 3918 36
864 3210 49
3340 799 6
3620 123 88
4374 4737 55
3012 3746 76
2378 416 69
1459 2068 54
3212 364 30
3195 3389 74
3521 3139 1
3784 1618 26
3643 2075 69
3171 3802 75
3046 4644 85
3424 1474 18
3885 1593 38
962 3128 46
4329 465 70
1105 4605 66
3773 1261 43
2303 1367 14
304 3867 91
2746 2873 73
4515 949 46
2786 4667 27
2994 3922 11
2605 3663 1
3719 279 86
2797 674 35
4077 2741 72
2096 975 24
2359 693 64
3239 2267 78
3217 4696 39
248 1893 20
3093 3037 96
4264 3743 86
4378 2305 96
4411 4784 9
934 4372 41
3855 3884 87
176 3056 75
2976 1854 87
828 3281 14
2453 167 14
206 2768 20
2131 4606 64
4654 2071 25
2055 3672 28
14 3506 10
3153 4044 94
4269 4233 85
1777 1986 17
2259 4960 27
3463 4352 23
1902 2027 96
4395 1628 84
3298 3402 67
2545 388 79
4784 3568 42
391 4732 46
2549 1941 79
1295 3356 100
3213 3122 81
698 4345 70
4294 2693 47
1556 4014 14
1399 672 24
2143 4742 59
4557 1892 15
1678 3085 57
440 4297 90
4367 1746 14
217 4036 54
2734 3906 10
701 2466 43
811 2809 73
3110 1627 56
4971 4514 39
3191 2641 1
3939 90 29
1592 2459 5
1227 1375 51
2133 2236 90
4357 4242 70
4656 1782 94
3656 3417 30
4122 1326 35
4745 66 75
4549 2319 28
1553 2589 77
4059 2382 75
185 4190 92
4908 3435 86
4071 795 29
2058 3761 1
1715 1510 58
2469 1376 59
3833 1662 60
4883 393 8
1324 3495 11
3354 994 96
2354 4964 56
456 4526 25
2852 4940 78
1524 4267 43
3681 4127 92
2904 4859 42
943 1278 49
1621 3851 89
2781 4536 28
2356 669 28
3344 2168 61
494 2116 40
2192 1083 44
3577 4001 29
1483 2526 45
2382 3220 8
1751 246 20
3861 1815 8
345 4113 7
3469 3727 66
3715 2581 90
4269 924 85
459 2285 75
1356 3770 82
3461 3441 24
3289 313 1
644 3364 81
3043 4855 75
552 3989 15
623 1517 82
1212 2589 61
1855 2129 8
4973 1559 19
3000 1269 82
2015 747 19
3176 3747 37
3005 3401 29
2850 2045 57
4445 3304 29
1304 1346 74
1209 354 95
2818 4270 88
4959 4501 8
1573 179 70
2790 2557 47
4370 3042 76
1000 4517 47
3802 2105 48
1257 2286 30
2893 4497 19
3720 3138 84
4298 2051 54
2505 3967 57
4066 211 81
186 557 86
3864 3116 10
4574 1415 72
2004 715 14
856 3975 27
4308 2533 10
4549 2706 59
3678 2740 43
4545 4393 97
4362 1979 22
4210 2484 30
2739 2370 38
4438 4925 98
2694 4215 13
3515 1001 45
883 2266 46
223 3127 37
3912 4201 35
4683 4404 23
2779 4922 15
1929 4055 99
1294 4401 84
3937 3808 70
1469 3513 74
3482 555 91
3147 1091 14
932 72 24
2565 4625 49
2773 3289 14
3036 2241 88
4294 1129 19
2736 1043 69
467 4170 98
2720 2469 59
4830 4276 71
1715 3070 91
2427 700 68
2326 4842 41
2832 4451 15
4701 4941 83
4875 1093 51
4692 1372 39
431 4178 73
1586 2840 79
846 3756 78
793 945 98
1448 1241 72
3997 337 56
2560 2343 82
3099 21 77
3734 4085 6
2780 385 87
4124 2763 65
4263 3922 86
2609 140 70
3824 3510 95
1339 2307 90
1004 249 63
4269 119 53
1588 2457 12
4690 4165 70
2601 1754 3
2337 592 9
1430 329 26
4203 1558 57
1883 3459 81
4931 319 63
4886 1719 7
2082 627 61
2200 4904 95
1195 151 49
1754 3865 39
4764 4184 64
1785 3346 14
78 3970 51
3351 1620 94
3242 3891 20
1088 3066 61
1250 4459 65
4805 1339 79
1121 3417 99
3380 1041 40
593 4833 42
119 1155 59
3069 4977 31
85 181 95
3100 4007 55
2309 4555 11
2313 3867 87
4357 3529 31
1922 2140 75
1710 863 89
779 1198 83
1851 1496 39
3326 3556 56
411 3325 89
2741 4035 18
2823 846 75
1138 3713 81
2816 3722 92
2070 171 73
3300 832 65
1240 4497 75
4653 4716 17
882 2607 75
1278 2687 48
4681 4198 66
821 2814 80
3443 582 70
840 481 9
4564 1685 25
16 4109 31
4827 3374 8
1373 1810 59
580 2041 8
2516 3332 62
2795 551 79
4547 3166 67
435 2945 81
4606 2519 1
4144 1875 94
1554 804 65
4597 3189 4
4237 4080 33
3928 1004 9
1333 2245 89
3254 86 23
522 2822 88
975 4893 70
2609 1903 1
457 4230 17
855 1829 77
713 1648 93
2393 4447 26
831 1061 2
909 277 67
1621 3378 4
2278 1872 97
2822 1461 76
1253 537 52
3131 534 58
984 2297 87
3392 3159 40
2438 36 100
2375 4410 14
2131 728 51
4689 4296 64
1045 3674 90
1415 538 71
2351 3102 51
3481 4005 91
2111 755 16
2919 2250 3
4506 2954 38
2411 1408 33
2715 4266 51
4097 2454 93
2404 3444 53
1949 765 60
3759 3425 17
786 3044 75
4006 933 53
3363 3037 27
1716 1033 46
3747 2604 15
2811 3636 87
2154 2854 26
4350 1055 27
3255 3213 27
2010 2357 64
1330 2144 42
4817 120 85
227 4678 32
1391 3838 35
4153 272 30
4999 2992 10
4379 3958 92
4714 2727 76
1869 1222 41
3614 354 26
2973 4873 23
341 896 59
4673 928 22
1329 4266 33
1402 637 19
1784 4090 85
518 1917 6
2931 4060 94
2337 1103 70
4876 413 31
4813 4257 41
4960 3064 42
4268 3934 96
3288 888 56
1795 3699 62
2222 293 39
3000 4415 57
116 3883 91
3454 2696 31
3811 4764 79
2423 4067 37
2106 1063 69
1073 3494 28
4504 2581 65
314 4094 66
1166 1254 76
3876 732 3
3360 4547 85
154 2633 2
1229 954 9
1619 4812 89
771 993 42
4170 4640 66
3204 3099 6
2782 693 55
340 301 25
1905 923 57
165 2974 95
938 4739 98
2090 3374 4
1659 2717 44
4120 4069 45
2256 2229 80
3696 2288 5
2998 3927 13
67 2110 73
1313 2237 28
2570 2617 40
2852 2224 63
3681 131 87
4142 2260 20
1537 3505 53
1491 2551 77
4746 901 94
4249 4874 53
4744 3649 59
1133 232 34
351 4668 91
643 4727 22
92 1446 61
2655 2753 49
2700 1492 86
1884 2022 42
4202 2552 18
2400 3977 80
1244 4935 69
2168 1956 60
4909 3266 4
3544 1486 57
3574 4386 56
3635 4035 59
29 4137 64
378 1260 56
2523 1856 42
1976 425 34
1637 530 29
4300 549 35
3785 1440 49
1813 4303 47
4359 3323 93
2280 4131 99
3362 1618 63
1265 2659 23
3165 3793 91
2946 3335 88
4619 1788 72
82 4156 71
722 4016 82
3957 277 47
1065 3260 31
3296 2022 5
1504 2681 7
4888 3161 19
3156 4475 45
4934 1725 37
2764 3555 10
2412 1957 17
1273 3821 40
310 4904 5
2239 4822 98
1568 1708 48
1210 2277 23
350 4554 47
4155 2958 34
877 2947 1
3201 4822 40
3444 4844 14
3149 2481 26
537 2452 1
2298 2813 27
4464 4465 16
1780 347 2
2243 93 79
2230 653 14
1495 4095 86
4388 672 84
872 2646 45
1733 3058 82
3882 4227 84
1202 2309 60
833 1938 30
3525 1625 77
437 3375 78
3512 2552 33
914 2767 83
4654 113 31
4614 1731 62
276 2206 6
148 756 69
2513 2156 50
4869 483 88
3615 919 32
4723 3821 81
340 4927 80
97 3590 55
3319 3551 90
3643 1980 71
4566 3778 28
4569 4269 58
4074 2509 35
2185 2265 39
1058 1511 69
1905 4342 39
4124 1462 55
1141 2570 71
4956 3721 69
1591 118 94
308 3585 12
4691 3515 52
2205 111 25
4252 980 97
4101 4192 44
1008 4230 90
610 242 68
910 735 46
4565 2895 28
290 1134 50
861 3734 86
4431 629 1
4823 4891 51
3518 2631 65
3236 3772 71
3170 170 19
3446 4743 36
4285 3972 8
3326 2421 68
2762 4630 75
385 1488 60
2454 4729 30
2083 2263 73
3673 1233 72
2266 2728 10
3682 3090 22
3583 4227 27
368 2949 7
2391 3665 80
4261 644 49
4440 205 11
4147 2899 87
492 3368 87
2069 1813 73
572 69 84
4556 3330 38
4959 3387 46
4899 2136 31
471 988 45
2464 1082 49
11 4866 5
4469 4995 38
2017 1223 38
4451 3065 93
2430 3219 91
2008 1365 61
2171 1805 80
3083 3864 35
66 545 95
3336 1931 54
2202 4789 63
3042 3471 95
1207 4691 84
728 1971 71
1048 3688 51
411 2912 33
2265 3966 30
3831 2751 9
2406 3925 78
424 142 22
2454 4051 34
3273 1194 91
4923 4729 37
3593 3490 40
4858 2216 89
1697 1178 37
3320 1350 53
1632 2331 58
3847 4294 10
1673 3423 82
1016 2242 15
1878 3800 98
327 1256 78
4344 1914 46
2873 2006 87
1156 59 56
4017 3944 99
4580 4637 91
3324 2705 9
1959 4152 92
1983 4771 34
2557 1075 38
1363 2656 24
1326 474 30
3334 4820 10
343 4510 53
398 2825 100
1244 1831 85
4022 4052 27
2587 2058 64
2637 32 14
4197 4442 74
3299 1550 63
1383 4270 100
2276 2169 14
338 2073 95
2221 2457 26
1191 3480 47
835 3010 60
1419 3091 35
2381 3255 60
716 3017 37
3052 1332 3
2849 912 70
921 2722 77
1487 3479 70
1315 2844 16
200 409 44
3779 3105 20
3797 2924 29
522 2530 77
2984 3737 90
2390 2550 60
1471 2152 60
3509 1666 76
1300 4716 86
3271 826 98
2418 1247 65
1669 4708 66
774 2575 96
812 1070 34
2727 2260 100
2941 1600 2
239 3613 52
2453 4466 100
3639 1107 65
2151 3263 3
3001 2003 62
851 195 90
3504 2163 100
1403 3045 14
3684 1505 87
757 3111 65
4510 3758 66
3495 387 69
3224 2315 74
3391 1209 61
1161 4691 3
2759 4679 69
1767 3474 14
943 2429 76
299 2541 82
4172 1341 17
2392 2277 45
4671 4213 52
3632 3190 41
2022 1287 39
2289 1168 49
2409 1890 88
3567 802 69
3472 4060 1
1184 1758 50
3214 4298 65
4421 3710 91
2504 160 55
4144 3979 100
3368 3712 78
2203 1128 25
891 3896 48
270 4801 74
523 4277 89
2183 677 94
1310 3088 23
4829 2412 75
1781 1779 83
2361 3931 49
2019 3412 20
2471 631 84
2929 2263 97
3630 2638 8
2985 1425 39
3354 71 50
41 4962 5
3520 1435 91
4492 26 84
1543 4650 36
3928 2135 80
3042 3694 64
4775 1772 79
4080 2254 64
3825 4264 12
286 4459 56
3026 3412 78
1518 1340 74
1756 2646 17
4512 1623 56
4431 1371 32
1209 1218 10
1354 815 87
2928 2318 48
2635 4705 44
4719 4205 83
2954 320 100
3221 2445 3
861 4112 74
36 1198 75
1094 2890 51
2761 1961 89
3837 2360 29
282 1129 92
4064 2039 51
669 564 45
2408 2907 66
2211 3177 7
241 4039 49
4717 3247 51
1429 2839 59
4934 4302 25
4995 245 79
4533 635 49
223 1263 3
703 1477 75
1087 1952 27
3553 977 31
4383 2103 36
2138 3978 65
4572 4694 86
156 3250 40
3397 1509 70
4210 1449 77
3103 4972 21
726 1552 22
2756 1827 32
4834 2736 81
2648 4839 53
3221 3177 71
610 3766 68
1604 2914 27
4459 3651 74
951 4675 42
3045 4 27
4103 2460 68
2584 3749 58
1105 362 63
2567 1526 73
286 1349 19
2845 3375 74
1481 3912 42
1842 2086 53
2253 4140 82
4182 3513 57
708 1413 72
4146 1899 33
1592 18 73
4215 609 11
3566 3069 32
1060 4953 21
2695 488 71
4202 2303 77
4275 694 53
4539 3284 21
4962 2637 67
26 2696 39
2787 1199 76
4579 2353 23
3703 4577 15
3591 2130 33
1270 4174 56
4639 2006 77
4094 788 66
4420 660 82
3251 3636 52
1437 4727 15
559 1832 3
4510 2156 22
964 3330 93
2433 250 61
3665 1994 76
3503 4216 87
1999 2804 32
1718 2122 27
2018 3116 96
2407 2062 6
2363 2138 10
622 1113 98
1077 1095 64
782 1117 94
1996 2371 50
3174 4752 42
4581 4584 32
1434 2169 48
4865 1189 50
2978 4078 56
760 1336 58
3128 2572 44
3707 1654 29
1341 794 74
518 90 18
867 4314 21
3615 3565 28
1537 2729 8
2711 2882 77
1833 325 69
1604 4755 76
3923 3197 9
3623 3994 84
2598 4075 7
1219 335 83
1272 3434 21
426 553 47
3453 714 39
2854 1113 58
763 2261 61
2503 2071 14
1532 4651 2
1738 3986 22
3011 3420 49
768 3125 42
4350 4811 22
4800 1035 5
15 54 25
3181 1036 84
4057 3875 29
3893 4504 24
4494 2216 19
4494 3303 7
504 2031 90
4559 540 98
2861 1234 20
788 3338 90
4065 4571 31
3554 1496 51
131 10 77
1248 903 93
1208 2492 65
3153 1239 57
4972 3861 32
156 1974 36
3783 3162 45
2651 1217 86
2524 812 54
1543 3571 100
3817 1586 4
1152 1849 7
2400 1135 82
2352 1089 86
2462 4716 25
4776 226 33
4104 579 11
4127 2246 4
926 3349 57
4268 4943 58
1278 3200 38
157 1092 18
1948 1998 22
4921 459 69
2065 389 16
1227 505 45
2115 3037 100
221 4014 97
3218 2479 90
4899 3838 75
3350 2899 5
150 1370 27
1094 340 73
535 2702 8
2183 3080 72
2393 315 43
4299 3904 68
824 924 11
1205 50 88
1317 795 85
2354 4529 83
2478 1835 54
2241 4450 61
2400 1746 39
4798 2499 23
3740 4433 86
1674 3898 67
363 4721 21
3972 3924 75
1876 2923 50
1030 1691 65
694 2950 72
1423 604 85
699 4678 44
933 3040 1
4451 2726 19
4555 4212 48
2731 1592 70
3888 4769 30
351 4324 16
587 2604 84
4023 3644 17
10 2491 81
3248 3845 98
2237 4377 28
3914 2863 82
317 4924 45
4803 3309 47
138 4061 50
2515 2624 24
2406 3975 44
3550 4419 68
4794 3236 89
263 4878 75
4150 2726 18
4870 2066 7
1086 197 87
2307 1232 83
4877 2637 28
1543 981 32
2707 4356 94
224 4617 92
3640 4077 84
2895 1140 79
3556 1857 16
1017 2238 16
1413 1726 24
1832 4712 26
1049 1063 22
3867 1330 20
512 1411 24
4514 3409 15
4081 4702 73
2166 330 68
476 798 85
348 3169 67
1550 4634 17
1259 3218 25
4677 3633 7
3932 4594 84
4164 2151 14
4517 4538 13
3926 133 65
1220 3171 28
3353 1569 76
41 401 69
4137 129 67
1942 427 74
1148 4086 79
2110 3403 17
4826 3760 20
905 3184 18
2635 4559 11
4832 670 33
1477 3022 33
3088 3856 39
667 1058 82
3742 1042 67
238 1840 93
4901 3805 92
503 3493 91
1924 791 97
2505 2150 98
4125 4389 16
893 4800 25
256 3107 63
3371 3921 12
1314 232 23
3484 3148 45
1500 4288 51
4600 2395 48
4216 1841 86
977 987 27
3153 479 28
2806 1335 35
1641 3145 91
1655 2175 23
866 3782 45
1802 4238 72
3388 3294 100
4160 1884 18
2756 3700 8
746 4553 59
3603 1964 61
4902 3473 51
4699 1491 42
2465 681 56
825 4273 61
4517 3827 49
4540 4887 12
1620 1658 7
1065 2366 43
381 2334 58
2107 4378 95
2684 1622 32
2469 4770 97
417 1716 33
1724 874 83
2026 4494 90
1938 4177 33
2287 2658 79
2984 3941 98
462 2119 47
577 710 65
512 1792 26
1000 111 66
121 298 79
3062 4899 76
315 1299 7
3163 1191 51
4553 1226 37
3630 4 62
2965 4966 57
4926 2595 20
428 1704 42
3679 4388 23
2917 4770 62
4039 2499 100
4895 379 89
1577 4987 57
2842 1625 46
284 2434 85
4713 2303 30
3935 4434 3
1674 991 1
3808 326 2
4360 4923 38
1151 1601 58
4840 4087 73
3343 3979 40
4166 969 22
372 2214 1
4372 1647 40
4316 3604 88
374 486 36
1143 3313 30
1446 4368 34
589 1093 23
2069 1686 35
2954 182 44
1264 4573 3
1732 2810 67
707 1526 83
265 2449 43
3830 1124 32
94 2566 48
4039 1485 15
1758 1657 64
4226 870 3
4225 2017 25
3796 3115 16
2909 3128 9
1542 2139 28
3013 1776 32
4986 717 66
2972 1666 6
2084 2194 44
3627 1316 60
1307 3599 81
1524 3318 77
4523 2562 24
1069 4234 70
3671 1571 78
966 2938 99
3724 2008 35
3504 1867 77
1312 1393 43
1165 2726 56
2677 2192 16
2852 3958 39
3893 3616 69
3002 4606 73
940 3637 12
940 830 33
1696 4622 80
4033 2757 87
321 2744 86
3003 757 81
1317 3995 72
1451 1492 66
4915 2307 79
3131 3596 89
2227 1029 89
4637 3767 35
715 2518 99
1024 4165 22
3215 3932 43
2772 2577 54
109 164 60
697 1949 15
3736 3270 51
2581 1518 16
4282 2132 19
1475 2224 61
1291 2179 89
2386 595 64
2680 766 93
4547 4105 95
1611 1170 56
2248 2168 8
729 4192 12
1630 980 26
1348 2050 3
2058 438 6
1950 1895 41
1706 1185 60
2062 1307 85
2783 2745 11
608 3358 48
2038 2049 71
2425 4717 87
2146 3917 71
3385 857 25
2251 1382 90
168 761 88
4622 641 2
4517 3455 93
679 1043 71
631 300 41
1733 3133 59
3269 1355 81
707 159 29
2967 1334 29
3443 2865 74
285 2701 82
2054 1140 76
3591 73 75
1109 3378 99
3317 2356 38
3219 578 1
2081 163 67
2615 3068 49
4612 136 21
2006 4797 19
1426 2350 79
4053 308 99
4010 1783 91
1770 4643 69
3117 2602 87
4735 2627 34
3429 2448 85
1484 3428 22
4682 1019 82
714 4583 90
1576 4078 34
580 4714 30
4710 4973 49
4130 2780 79
2052 3654 48
4189 292 63
3288 3514 76
3826 4806 63
4435 4602 14
1885 3794 92
304 4318 64
3929 2436 60
4664 347 72
2921 3521 16
2370 1180 57
1481 4052 36
1323 613 61
2129 4446 74
702 3067 24
2406 3303 99
4542 3992 72
7 2550 7
196 1145 71
3682 2070 41
3753 521 42
1199 1523 32
396 271 52
1939 348 48
4961 4028 49
3602 2800 42
3732 7 91
3551 2347 28
28 3788 5
4300 3502 74
2472 1457 32
2924 4430 52
1977 574 20
2685 2373 82
1930 2796 96
460 728 24
126 386 68
1792 1208 81
3958 735 94
3822 3275 61
3879 2581 33
1435 2127 57
3695 4806 13
1439 4665 4
4578 1793 99
3482 2468 51
1324 1765 100
843 1247 58
796 3936 40
1382 751 26
191 1772 89
1916 936 31
4129 541 45
4910 2936 41
80 3895 42
4936 1937 69
4803 49 26
4221 2570 18
2190 3084 68
2523 2936 8
1812 3318 3
2227 1759 62
3777 890 81
951 2314 63
2482 1161 30
2209 3761 3
4210 1491 45
4732 2244 25
222 2009 79
1072 4426 51
2688 1307 25
4729 3702 93
931 4003 98
4138 4246 67
2512 736 64
4903 1877 6
2259 3549 51
3701 4439 64
422 3713 97
1359 3256 95
1532 1879 77
529 775 92
1539 1798 64
3292 834 49
4797 2889 80
3134 3853 11
3008 1110 7
3854 283 78
2479 1669 18
544 2050 79
4969 1791 80
2158 1438 90
4063 3642 8
1671 692 2
1139 3234 5
3729 3498 32
2618 2215 29
2192 2675 99
1126 1832 40
3980 4065 95
2571 1078 89
1563 2122 12
759 763 87
2063 359 36
1517 808 15
3769 2899 54
4511 3848 82
2706 3697 38
2887 3887 46
4608 635 24
4252 3311 60
624 4415 65
4917 4643 85
3996 1508 65
4607 4827 4
973 3478 40
1858 83 89
745 1040 56
3686 4552 89
2334 17 26
66 3262 1
550 923 9
4356 4582 63
725 2352 66
1150 3629 27
4477 3736 38
334 3240 58
2113 1703 54
2594 3072 87
1752 2011 58
3123 1703 95
990 4157 36
2661 3274 49
1472 4630 38
3382 1037 6
4590 2788 39
2501 2594 39
2141 3959 21
3454 741 32
1252 3418 53
633 1959 59
2875 3911 89
3439 579 70
3858 2119 76
1870 783 18
1201 2854 52
1913 260 64
1659 2807 59
3845 4181 61
234 3753 74
763 3252 46
2879 3367 14
1251 1307 92
4642 441 100
229 53 29
4315 4907 13
4404 3595 33
3768 4603 17
2493 1373 10
3622 4515 57
3584 3057 37
150 4279 32
4734 261 27
3930 3117 55
2191 4433 29
1424 4040 94
4229 4470 57
849 4446 41
3662 3784 35
2817 2386 90
3348 1690 64
2646 2479 74
2435 3050 43
4162 410 9
41 1327 13
4815 2498 93
3560 3423 16
2415 2299 98
3958 2 38
1903 805 86
3158 3473 67
602 3653 46
3447 887 16
3305 4341 45
912 2642 11
3001 4897 84
3111 1606 74
3129 1230 82
4966 2332 21
2209 862 100
1224 1911 75
3659 3051 73
1558 7 25
4205 1054 37
1042 2489 69
925 3508 37
4736 4029 58
1112 4684 28
615 2556 40
4292 4459 39
1661 2772 54
3931 449 79
2799 46 20
1283 4640 1
736 3175 69
273 2669 81
1531 3260 55
507 4015 71
4997 3658 32
1426 249 87
4919 4806 89
1328 1785 58
4369 3185 89
4455 3723 36
3596 2731 14
4841 2532 71
249 1623 37
4043 2714 29
880 2385 34
548 3955 70
3522 444 20
841 566 79
3538 2063 99
4218 2175 43
3641 1096 39
4048 3788 60
1360 2424 39
922 856 64
4405 1535 7
4593 3305 56
3909 2297 99
1792 979 63
367 2737 33
156 2166 53
2147 1116 34
2279 2063 55
1208 2834 2
2208 1285 57
3406 1905 42
4513 3118 18
3871 849 98
3573 1565 43
616 3896 38
2206 4377 2
4631 2625 67
4879 1498 28
3743 4530 28
4582 785 84
1402 1795 83
4523 1728 50
4238 2452 41
189 2834 3
1351 2584 97
1611 1398 18
311 2364 61
3608 2272 90
2444 4785 11
2071 4477 51
2846 2859 35
244 3048 39
1785 1803 92
2889 1328 38
3602 3758 25
2831 2446 12
4915 4874 4
361 1599 59
1901 1697 56
1039 1709 31
1177 4294 18
4246 3262 45
1960 1762 84
3274 3350 91
873 4310 93
3940 2950 10
578 3399 7
818 3337 42
567 1949 58
4954 2504 49
2560 2446 18
2378 4453 1
616 488 100
3317 4455 20
2551 4880 19
4142 2614 84
1405 123 21
26 208 57
300 3171 100
2636 3023 98
3835 2866 95
502 1617 72
1192 3440 92
3680 4715 22
302 970 79
3693 3150 73
2320 3068 28
2762 2159 23
2433 370 10
1132 3572 79
1622 4998 97
2520 1290 97
1332 3615 96
3325 4767 81
4531 3792 12
1038 164 37
444 3789 57
4576 1271 23
679 1821 1
1881 2680 91
633 3846 62
2912 2086 100
4746 4412 28
4533 3730 37
3601 1579 33
3005 3010 39
4686 972 32
4581 317 42
594 2847 39
308 132 19
1875 719 90
1368 1861 15
3611 1304 74
1131 2670 16
1640 3252 29
43 4352 50
2946 2597 54
3210 2596 46
4206 1809 40
4049 3955 58
3777 3164 7
139 3532 87
2373 3386 52
2785 4172 93
3704 3279 65
2003 2296 12
3850 1866 58
2700 4639 92
4953 3829 88
1005 3920 32
3511 4042 16
1998 4893 51
3100 4201 50
1496 3783 57
1253 2463 6
1182 4056 20
4274 1983 49
1501 1834 15
3551 1056 92
3954 3390 59
633 1584 92
1483 583 14
450 2032 78
1032 4709 54
195 1365 98
2506 783 98
1868 3041 68
161 2671 30
3221 2345 85
4329 3933 97
4996 4934 83
3217 1948 100
3860 2859 9
1442 1560 80
3351 786 7
2749 999 72
2379 3069 56
3355 342 11
2545 4778 94
2175 3163 53
4385 841 100
468 4550 11
68 2678 72
1535 3602 13
1054 4167 22
409 1870 64
169 1700 8
622 3544 95
1906 169 5
3268 498 35
1009 2387 88
445 4236 66
3320 2192 88
913 4613 4
1482 1961 44
4990 771 14
77 3357 75
3812 1597 96
4481 4829 80
4332 4010 50
3984 2284 97
2525 1551 2
1089 8 22
4099 780 77
648 1559 41
3589 1943 26
4437 3459 81
1654 2992 45
572 380 14
724 2070 22
4198 4467 100
2564 3675 95
1740 2114 29
3041 3240 53
2967 1913 86
24 3891 90
1914 1873 92
4743 4251 97
4724 2001 50
404 1528 37
3351 1642 29
1491 1018 49
2808 1598 14
2641 4628 59
1565 473 26
1936 1624 98
4673 1180 56
3145 118 52
1289 4296 51
1825 3728 24
2501 213 41
2537 4256 11
2018 3235 81
2156 3315 65
4343 2057 73
2363 2440 89
916 2267 10
2482 152 25
3226 4558 70
61 3743 69
1121 4702 43
1656 1560 13
920 4917 84
642 98 82
1471 3079 100
1755 4773 81
571 786 48
2290 661 84
3760 547 45
2284 2108 52
2865 1350 89
89 941 70
882 2055 92
2004 4313 63
2378 4927 96
603 1874 66
2930 3579 7
4600 1440 76
220 2636 90
4754 4870 7
1154 1233 19
4046 3060 71
3135 3380 59
2394 4740 60
3068 2467 55
458 1899 9
4579 1027 100
2539 4588 81
4695 2930 53
3957 180 41
897 218 54
456 3881 39
764 1431 98
4226 94 64
515 3878 50
2978 4757 86
2323 1886 36
604 351 25
2392 1450 72
3296 240 74
2876 1784 56
2714 2535 36
1033 3293 79
3914 2997 19
3005 646 58
541 2838 42
3982 1213 76
4452 1599 60
2863 4732 18
3020 2821 9
2674 4248 70
3860 4864 19
772 3533 86
2872 405 53
2580 2781 62
308 3098 13
4571 492 44
3222 4407 67
2231 2486 56
1403 3327 77
3550 2369 81
2604 2547 25
3792 611 73
3810 3583 11
1331 2948 87
2878 2857 38
1978 208 98
1153 562 28
4502 2004 94
2596 2456 91
657 4891 60
1720 2091 36
3997 2218 19
64 2025 30
1381 338 77
2087 2647 38
1907 827 56
3899 2897 6
4012 4484 20
758 504 41
4260 700 40
2114 2461 58
3282 4704 84
1500 1147 84
965 4788 13
350 4986 38
4087 2618 50
2238 1127 47
2294 1710 86
4430 231 71
1904 2522 31
3843 4578 99
1737 3295 32
3575 106 98
4434 4584 3
1314 2974 85
2104 4100 23
4303 3594 93
4952 80 52
1472 1555 83
2611 3278 30
552 4362 81
4701 1122 62
3512 3765 23
1252 2271 66
2450 247 2
530 3230 76
4780 237 54
2646 3807 38
4942 4723 38
4924 2910 30
3790 4381 31
4580 3012 48
755 3962 20
1077 2604 84
4291 1996 99
2858 625 63
3716 3491 90
4234 3685 75
1067 2137 52
851 2162 53
3399 1176 69
1614 1072 35
3183 4218 49
1320 4786 90
4387 1767 48
1015 2157 64
3885 1778 94
691 1730 70
2861 2092 99
274 753 100
1040 4568 44
1167 2629 15
1747 4132 53
2225 3763 33
1933 3567 82
1906 2585 46
2639 4450 96
1151 74 34
4859 762 44
2235 1281 36
2909 130 84
1497 4272 76
1926 4611 64
2288 2664 51
4128 1114 57
4763 3111 75
2067 2368 75
4393 1915 34
1734 3939 4
4444 3398 74
4853 1436 95
4890 500 9
3420 363 49
3033 890 82
2011 2472 30
2001 2119 69
3496 2516 23
3572 3031 97
1268 2181 1
256 1289 27
1953 3339 37
4245 4709 47
3703 1143 93
2479 1216 10
2194 1984 63
3417 3395 57
1955 1286 53
2193 2789 87
3869 3476 87
3745 3555 13
4974 2214 90
1371 4424 40
1062 50 14
4250 4205 61
2133 2549 67
2158 2023 53
2558 615 13
1556 3701 71
3070 58 5
4378 671 54
4244 3466 9
3804 157 37
2427 3814 5
4089 572 81
4970 2278 70
2257 2884 26
895 9 95
2671 2205 94
3753 1841 15
4096 184 40
1790 4674 26
3563 1111 91
688 1567 94
606 111 47
3448 374 72
273 1192 82
112 1188 69
4992 1855 53
2355 3127 85
3328 4441 72
1896 3618 9
3201 1648 4
4635 3987 39
2221 2907 57
1082 3004 41
4822 4495 13
2384 514 41
1754 3592 85
3705 3495 94
3196 998 85
921 683 55
3413 4836 88
295 4119 41
2311 1674 1
2985 1631 100
2814 3068 73
1727 2342 66
3107 3170 38
3058 3703 66
898 3953 19
4298 1409 23
492 4891 58
4994 2652 38
4929 591 57
576 2111 36
3290 3970 69
4179 3796 41
4338 4705 24
1381 4774 73
3656 4000 79
1653 191 97
1107 1096 74
2864 138 40
1537 743 74
4941 3501 35
3138 1081 17
2338 2765 61
4544 2231 4
3435 3451 76
404 4855 91
4913 3708 50
4731 955 74
1603 4910 31
191 435 76
959 4489 44
1911 3022 15
348 2384 67
3539 1982 30
3039 2970 71
696 1760 25
1050 2967 77
1290 3088 52
820 2896 85
4247 3608 32
1135 3660 96
1610 3760 46
4298 2771 5
3880 665 2
3412 3678 46
4747 3339 100
3437 2213 97
869 1035 78
3876 2752 97
3286 1931 72
636 2906 57
581 2654 89
1547 4829 59
3945 2385 8
599 3988 22
2227 2247 90
2033 2233 55
3222 272 89
439 3308 51
4552 822 80
2729 3145 53
1840 1761 65
500 4852 62
80 971 89
413 949 11
233 756 16
2432 686 66
4807 4842 89
4759 4654 56
442 4911 57
4012 2523 51
414 4404 20
3194 2504 64
2188 4830 90
349 203 30
1704 4276 40
2121 358 49
4645 809 9
919 2193 75
1760 3006 38
4207 2078 66
4206 1880 67
792 1570 84
705 1190 60
2099 3974 58
1378 4529 72
3292 1365 87
2941 4728 67
1841 2928 39
2578 973 20
1562 782 47
3049 466 85
1248 2805 35
1288 2446 72
4678 389 98
3616 3150 69
3411 3572 34
4378 4485 54
689 1891 63
1251 4365 1
3683 1280 26
2589 732 77
1826 1036 38
2666 3735 72
272 3232 47
4116 236 12
4594 4313 7
547 1527 9
3283 2632 18
3181 4030 75
4944 4489 84
1490 3906 27
2867 1744 83
2664 665 83
1434 3082 57
1965 4923 79
853 37 29
1436 2470 70
868 3024 42
1574 2772 23
1252 3152 26
4970 4295 67
3013 2110 67
2683 405 40
659 3282 15
139 3710 76
3049 1645 90
3809 3884 33
1578 4100 22
4371 2240 53
3267 3167 1
895 4309 25
1411 3265 35
2480 3930 80
2561 429 49
3094 3005 78
2935 2290 23
2487 421 100
4741 2988 16
1121 2231 76
3814 3892 27
935 672 75
1672 1557 3
2362 4400 17
1493 4714 48
889 2937 23
4629 706 11
809 4214 18
895 450 98
3508 1608 25
3981 2439 49
3896 3506 78
4103 2226 47
363 824 76
3702 3227 74
1521 4243 72
4041 2232 61
426 1520 34
1381 3954 24
4738 2062 27
3626 3887 91
2515 4166 64
269 1643 53
1817 2610 93
1651 889 95
3239 2013 87
280 3941 62
570 4079 72
4892 2015 19
1314 507 88
4373 1717 77
4592 777 49
318 1262 38
1058 985 33
3015 1024 2
3392 2693 41
3854 379 14
1256 4325 67
3356 864 91
4603 1059 65
4236 52 47
390 2673 38
2029 143 93
4902 4833 4
1712 4228 10
4476 4107 31
271 2733 18
1064 702 35
4240 3952 55
2096 3687 86
1502 1851 9
1505 2867 50
619 3041 15
2596 3500 100
409 2597 40
3820 321 77
109 4092 31
3115 2537 18
1789 4424 39
2137 3097 37
788 3465 20
625 1173 45
256 3828 5
104 3009 71
4435 1745 15
2766 1099 32
2964 3488 59
4203 1434 13
1518 2767 63
1415 4047 88
480 3419 61
2783 1111 84
4160 371 64
1541 3511 12
2148 66 49
2366 2172 65
3017 3993 8
1718 2237 25
3429 342 33
3384 1123 76
4903 2742 63
209 3125 79
440 2124 52
3055 1749 21
1444 175 16
4638 1002 40
2331 4956 40
2542 3015 77
3078 966 18
784 4403 84
2186 510 46
4918 2814 53
3677 3584 68
1302 1436 26
4025 1865 73
4301 1314 92
1778 2853 80
1383 4630 85
3629 4783 67
1362 4959 50
1706 1470 6
3790 2933 54
3584 634 97
1079 3508 99
3333 3612 83
2714 2000 21
1623 2571 7
305 4702 50
4118 3476 56
3340 490 2
2145 758 44
1311 2989 43
1392 3369 92
3410 3261 29
539 1037 63
1419 2897 14
2748 2398 74
4824 1416 65
3075 789 26
2207 2366 25
4352 2184 68
2130 955 98
3075 1499 89
1567 308 12
3449 3902 82
3910 4989 40
1237 1331 45
353 3631 67
2814 4199 99
4134 240 3
3354 638 54
3031 721 29
3969 2353 48
3825 2202 16
1453 3525 71
295 463 74
2531 649 2
290 1376 81
781 1086 85
4161 4767 61
3578 11 62
1169 1529 57
332 4730 71
2827 2525 84
2234 774 95
1953 4937 18
3088 3643 100
4545 3514 48
1940 3366 75
3579 231 47
3141 799 1
3982 4945 49
2828 2270 86
1508 123 31
3953 3657 72
3546 3431 1
1512 888 11
4110 1223 18
1010 936 1
4636 4005 68
4921 880 83
3771 1193 55
2288 4328 44
49 2585 68
2236 2593 19
2955 1168 63
4210 1651 51
4141 3948 54
2441 3951 97
4939 3109 9
87 1752 61
829 1948 36
852 1445 19
259 2272 23
3118 2738 90
2833 2708 15
1154 470 7
3268 3014 27
1392 2405 68
1259 4401 95
1395 4144 37
2444 284 33
2774 4808 79
4217 3537 10
1986 2225 38
3456 620 88
478 377 73
2839 516 18
750 2282 1
218 2727 94
2726 4519 69
598 4995 39
3151 619 33
3961 2438 93
2447 2197 92
1572 404 81
2571 1052 54
3619 1193 54
1967 4322 44
1877 222 57
634 2640 66
3972 4091 89
2067 4532 33
1074 3939 41
1575 2662 14
4722 4430 31
1665 2281 12
456 570 16
4787 1272 84
38 1982 27
997 1243 19
1712 4180 15
1741 4354 28
1014 4048 43
4864 3882 14
4178 447 74
3717 574 55
2168 4091 40
4023 1074 10
4084 1773 27
1286 861 66
3205 553 88
3602 3719 16
2966 2230 96
665 2110 95
3516 2013 68
3158 1634 72
2450 1904 2
868 2666 81
3339 2903 94
3979 4257 63
2041 4347 64
2393 4865 83
4981 4563 12
1779 392 1
202 1224 66
1783 3776 47
1253 626 2
2290 384 7
2920 1806 35
641 571 38
4152 1096 31
4461 537 37
172 2569 64
118 4955 66
3297 3603 67
393 1176 43
2830 794 23
1713 4177 22
2101 2174 20
1085 3042 97
2249 4925 2
1663 941 66
4399 464 86
4028 893 47
3985 2588 40
2359 3517 80
2152 4375 72
84 3899 82
2926 2630 77
3402 956 77
4394 3684 87
4626 532 32
3954 2429 56
4231 3506 27
1111 4993 51
187 88 95
3946 1760 45
1465 368 62
4075 4109 3
776 1698 29
478 702 8
1791 2342 70
3629 3831 38
755 1548 6
978 3231 63
604 1987 93
4810 1349 2
2959 854 30
1915 35 43
176 3678 5
4485 1975 36
3998 1027 64
3466 813 76
817 2579 60
4671 501 29
2001 3161 82
65 3600 5
448 2910 73
4848 2903 19
2148 3949 39
1775 4051 89
2489 4346 89
2435 4396 96
586 471 35
360 681 15
2401 23 47
2910 128 93
355 4964 45
2236 2503 60
4658 303 4
4226 2482 99
1719 1494 23
56 2845 72
4180 4986 59
1266 2902 66
739 2897 77
582 453 74
1992 3726 84
2894 3931 55
953 3593 34
2123 239 8
1254 167 87
3676 641 35
4479 2753 3
1042 968 69
4065 4945 36
3634 2978 31
610 719 45
1241 4315 80
2430 4218 96
4408 1934 6
1688 2481 79
1782 1333 97
187 4032 13
3508 4896 94
999 4589 51
3182 3506 59
4176 806 54
2057 264 15
2196 947 29
2729 2195 98
1179 1553 52
2662 2889 78
1346 2679 9
4397 2719 77
926 2428 38
2984 277 31
1900 2576 83
2476 4749 98
2251 4551 16
1758 4197 68
4736 1836 65
4316 3557 20
141 1210 45
4620 2952 61
4126 615 44
1612 3215 21
522 1687 74
322 2264 32
257 1816 88
28 2982 74
4320 4043 76
1363 2534 28
4592 1988 97
1248 422 11
3557 3384 74
1303 245 40
951 4999 26
4058 441 47
1160 96 76
2453 1779 41
3432 4744 81
1527 554 71
2559 873 43
3016 2142 99
3629 4186 90
1809 652 65
613 1183 25
172 4193 54
2212 2999 88
4834 3839 71
4227 4844 31
2623 1756 73
4761 2811 29
1887 4222 41
1975 1068 61
4715 2147 28
2585 4811 34
705 2635 9
691 4695 51
3264 599 48
2966 1940 91
3581 233 21
906 4377 9
569 4504 55
3900 271 23
4062 4782 98
3606 4509 39
2863 587 23
4015 4782 66
3597 3612 34
1805 1545 41
4430 1920 46
1674 3378 6
3777 3831 79
2849 2448 40
4916 541 74
4693 236 92
3450 902 42
3246 1184 58
1226 2147 79
955 4187 20
1261 360 2
260 1318 48
4195 2794 55
199 3697 67
4185 4901 54
892 4088 74
2420 2267 61
3741 3817 32
88 4027 43
3539 1020 61
3699 4309 70
3293 2515 57
3243 4011 43
3154 1584 36
881 2034 67
3079 432 47
823 4906 22
1238 2151 12
1966 2568 2
4283 3886 28
4569 1786 58
4212 2427 2
4168 4807 58
3876 3348 59
2921 4716 94
2705 3725 27
4224 97 24
4520 2823 1
1878 997 38
3896 1970 37
2121 1878 5
1871 1427 19
889 1644 25
3352 4090 84
2442 4946 86
4258 2102 3
2698 3249 74
316 2629 53
4215 3816 35
4480 3225 3
2793 998 41
3004 2558 7
1833 2977 62
2993 4668 59
1706 1107 78
3192 1238 72
4840 4015 49
4566 2219 54
1730 4543 27
2913 2280 2
2996 4688 38
1534 544 68
4222 2422 66
4721 3030 2
3564 638 6
2364 4739 42
2258 4776 68
4969 1361 40
3379 1930 73
1468 2899 94
400 418 27
3384 639 16
245 4727 49
986 4176 4
4857 2703 58
3490 1301 1
837 3361 93
3919 743 65
3203 1816 55
436 1015 32
3929 2442 88
4325 2289 15
341 3120 1
3628 4716 30
4286 1173 1
1440 309 29
2459 2686 8
4574 3197 69
184 4108 29
142 2777 40
4292 2189 21
2716 3825 92
3359 4768 82
4862 3081 10
4821 2514 18
3300 4886 9
4265 3329 2
3213 642 73
3146 1437 13
4965 1692 32
3624 3917 69
711 4687 11
4158 1353 15
4253 2275 97
82 3723 74
3404 2462 80
2274 453 20
3699 65 2
4894 2879 49
3363 4213 85
3206 1597 52
632 3015 34
115 595 92
787 594 80
3239 252 53
1809 4408 52
3404 3229 95
1546 1398 19
2829 4951 3
4060 3284 92
3261 84 90
2305 918 97
854 3689 4
1514 1909 70
2279 1729 55
2177 3248 1
1853 4629 62
2198 3273 24
1395 3342 53
750 3907 57
4324 528 81
2868 2011 90
3859 563 82
145 3483 64
1932 2191 45
1249 778 32
3355 2335 73
4718 581 28
429 3499 26
1551 3171 55
4516 4380 65
1570 4671 58
3530 926 73
3998 4281 55
184 1242 84
3488 2521 21
999 1045 88
1951 2388 60
387 42 87
4614 1107 24
2119 3033 49
4640 3316 20
4396 938 80
4632 3307 60
4190 274 52
1410 1161 61
1126 4421 61
2938 1041 14
4918 2535 66
179 519 22
4575 2017 4
1110 2782 42
120 4552 68
1521 2210 2
1831 4407 39
3467 4077 88
3396 1800 32
4021 3535 15
4398 1211 10
2819 1861 57
4357 2606 74
1396 3542 21
3903 2178 50
1142 3719 25
1956 4209 54
4671 1664 76
1043 1498 100
4262 4365 72
1192 2584 97
2465 4659 7
3115 2455 46
3817 142 2
1486 2331 9
3744 2934 97
2543 52 29
3989 4231 30
4319 1161 86
3034 2941 59
4045 454 79
1856 4337 46
3810 5000 34
2240 4160 71
2534 4525 2
345 4941 88
2986 2906 74
4079 1336 57
484 2273 54
2536 4220 76
1940 713 70
3635 4616 64
3394 3637 48
369 8 54
612 4524 39
1878 2983 75
3959 3096 51
2826 3596 10
3461 543 87
4114 1589 36
3944 1548 23
562 2940 83
2115 2682 90
2043 4999 8
3909 1227 35
2397 3092 55
2123 777 7
3562 349 11
1351 4235 38
356 2340 72
2204 1001 12
4317 1791 15
787 2091 62
292 3054 58
1090 1460 94
2403 3092 100
158 3621 24
2410 3570 67
4518 3780 20
1301 3848 42
4305 3624 20
4890 3485 76
3120 1524 26
1741 620 82
2321 3427 59
1400 4788 46
1755 1061 53
2341 2228 97
4176 4445 69
3588 2128 57
3586 4870 53
4389 4398 55
149 4279 58
4684 741 75
2487 537 18
1982 1424 3
3507 745 39
1096 370 32
3755 2494 7
2179 1303 55
1736 3692 34
2076 904 92
2955 1206 63
2392 3965 26
2428 3801 17
3985 34 97
1994 573 2
1822 3215 32
1764 3002 14
4048 2848 14
16 488 8
3970 4847 17
3789 4709 36
1426 2217 64
1814 4110 24
2587 99 10
1226 2533 61
2649 4443 96
2062 3376 12
4280 2792 80
4719 4036 32
2672 1118 58
862 2495 98
878 886 26
3013 3808 44
3095 3519 19
949 2345 41
4793 4521 32
1265 4485 97
1885 4625 41
614 1548 33
2010 2724 16
1474 1767 67
4570 3697 30
266 4943 12
4851 4261 26
2653 4428 61
1024 749 10
3561 3277 23
4331 3637 59
4071 989 31
2407 706 82
437 4968 52
2892 447 83
2585 4446 30
2143 3589 24
2501 1337 64
2155 3208 63
979 1447 95
369 3024 25
1330 4646 3
101 2443 47
312 591 75
2684 3739 24
873 2413 31
1946 4502 96
4299 1753 78
2009 373 69
2497 2967 47
4451 3425 68
2508 1981 10
2872 2186 57
4330 4629 93
4613 122 79
2021 4919 25
4197 2773 24
3574 4454 41
546 1091 98
4651 1698 45
33 4350 40
4496 3002 99
1967 3341 90
1830 3318 68
4751 4541 71
1090 994 18
1096 2397 7
4562 265 80
3658 90 92
2658 659 10
3527 2282 81
2915 1556 56
4133 958 21
3433 1839 77
2390 2622 34
4284 1504 74
4011 1342 48
3095 52 37
1594 1785 81
4430 1097 67
364 4241 52
2126 312 68
2805 3436 26
2185 1448 38
3814 726 10
4093 2073 27
4734 1771 39
3625 4215 5
3533 4059 8
1921 3712 20
3862 4657 62
4440 1926 90
4504 4523 100
1968 4382 91
1245 2310 88
4516 3231 84
3795 1590 9
1886 360 16
3173 4054 53
4141 238 43
3048 3195 63
4579 810 90
2634 3144 12
3233 1435 21
4068 3578 32
864 3415 99
2582 3215 46
19 2391 67
441 2301 30
265 2162 42
1255 1531 77
4266 4658 88
1629 894 23
842 2836 84
1234 2933 87
124 4165 76
4123 2325 86
3386 4253 15
914 1914 100
2550 4505 87
3267 4069 43
2262 4753 12
2537 3987 15
2620 3203 19
434 2071 54
636 1130 8
2108 1454 69
1906 2328 92
2959 3209 32
1153 3282 36
2866 4989 98
1652 2359 58
46 2262 10
1735 3509 53
1743 4565 37
1196 586 77
1426 415 74
3668 1140 82
2601 1467 85
731 3564 23
2417 115 42
2608 4153 51
3175 4278 1
1290 3137 5
2512 2109 31
2803 3128 83
3450 2953 61
4264 1200 69
2243 2034 22
2630 4905 54
2531 710 50
1053 4651 94
4414 4939 17
2824 1274 4
3629 2649 88
4612 1616 98
2500 3214 74
1261 1387 96
1719 3661 89
740 2280 7
3635 1587 27
2259 3040 92
2269 4965 77
4354 4018 51
3648 3584 93
3108 4363 85
1144 489 75
2160 4571 66
2778 2059 14
2980 685 66
3791 2161 66
3004 3055 33
1529 1510 36
1256 571 37
1212 3207 56
4790 4599 81
2498 2691 72
1525 1533 82
3146 1863 62
88 3983 20
458 355 94
4641 4545 30
4275 842 98
4472 4030 23
3587 3053 90
63 1436 18
3414 4024 5
4429 3626 76
734 3188 28
4504 274 49
1204 2172 69
4572 2962 34
4868 1138 39
4137 2327 7
1616 4250 70
3307 4316 46
2346 287 56
132 4974 3
723 4293 10
1214 100 48
4982 1296 57
1535 4351 15
137 1652 34
3187 2558 55
496 639 88
3711 3465 55
1357 4510 95
2407 2411 25
2021 2306 45
3664 3548 27
2186 3558 26
4002 540 14
237 759 14
4850 4788 12
1919 429 19
2526 3958 1
3979 1353 34
3216 4049 53
4982 3019 23
2284 4860 95
3009 2712 47
4100 4703 29
3337 1704 80
2798 3129 80
2416 1705 36
4307 1740 37
2233 2995 97
4016 2546 80
2846 2300 59
2142 2770 8
883 1293 15
32 4698 76
3323 917 23
2957 336 42
1892 2926 3
2574 4257 13
4390 4164 13
3299 3413 24
1738 1649 29
3501 331 44
2394 1990 32
4248 2316 43
365 2109 15
4259 4566 70
153 1906 57
2395 4975 13
1476 111 53
53 3878 69
489 2962 80
3421 823 5
2187 3691 53
4417 3186 67
4350 1734 32
152 4179 34
2860 2837 3
40 4322 6
1098 3195 58
915 4713 10
3976 1198 27
1874 1450 85
4211 472 29
2551 1126 26
656 2306 85
2659 2690 86
451 1365 56
4680 4164 13
4963 3433 4
2441 1864 88
1780 3350 56
93 1081 18
516 4499 6
4020 4248 47
3586 1296 43
3142 2775 11
2167 871 99
2133 2310 65
1730 1417 85
4194 179 91
1374 181 89
2970 591 2
3978 4936 17
1885 3257 58
4615 4880 63
27 695 87
2207 504 91
624 2801 15
3490 74 100
2990 4765 72
3371 2722 61
357 3299 58
1571 4655 27
468 1957 76
4103 1452 23
2659 4149 3
4743 4106 64
484 3021 29
2881 4648 32
1916 1325 66
2990 1931 26
4796 478 16
627 2336 21
2367 3405 36
3416 4304 50
2633 513 93
176 4069 51
1647 3517 93
3105 1309 97
5000 203 50
1909 1505 24
3980 4948 44
3942 1361 26
1995 3437 85
4327 2589 30
2198 727 76
2650 640 70
2556 1272 56
4385 4722 64
1957 1178 40
3522 4359 22
1069 4512 77
1874 1535 81
1735 158 93
1844 1850 49
2458 319 86
705 4232 77
1066 1134 13
3468 3458 77
3562 55 86
1804 79 6
2362 900 31
2886 810 19
2768 2044 20
237 339 64
4981 240 86
4395 4591 14
4960 3662 59
2676 3797 92
2232 2791 87
2103 831 90
664 857 66
3281 3909 35
1017 1583 34
667 1740 52
1463 3484 2
806 2766 12
3901 3560 31
1839 743 37
3786 461 74
764 1546 59
3259 183 21
2644 2268 98
2896 3207 14
2960 1692 9
2372 257 83
2783 3913 38
4252 766 90
203 1711 99
670 925 26
3141 2442 3
1908 3959 44
2798 1056 75
4255 2858 6
4157 2490 13
676 571 93
4361 3422 36
29 4333 16
3300 2317 13
2242 382 48
2194 2156 74
4621 2988 75
170 4725 41
790 793 29
526 388 18
2666 844 15
1549 1219 36
1991 541 76
3178 872 70
3246 2751 51
2254 3429 96
805 1590 8
3178 1243 95
3089 123 2
4920 3667 46
1507 420 74
2399 4163 50
4315 4863 52
798 4346 9
2900 4154 69
2743 471 93
1163 3048 5
3586 2709 86
2552 4652 68
1859 3528 63
3283 403 29
4017 4799 84
1613 2992 54
2647 4376 55
4031 4879 90
1722 3311 15
4116 600 89
32 607 8
1746 252 27
3585 4163 34
3580 89 2
3324 3148 48
4210 3611 86
1843 1670 37
2383 390 20
2005 371 43
1895 2029 36
4406 4885 60
3251 4759 82
4039 4428 17
130 13 75
182 3157 37
2873 3892 14
3733 1011 76
3514 1973 32
4825 362 51
1599 3647 99
4974 4260 18
545 368 58
2312 1707 79
1497 384 98
242 4816 10
3483 1125 54
151 3200 70
501 3798 100
3114 4015 99
993 2748 72
849 3060 9
3710 133 10
3623 175 36
3314 1858 86
2322 4534 34
4503 1746 94
1585 4416 35
2199 3638 11
4738 2774 99
4024 281 89
3426 1538 18
4518 4162 22
4264 2715 67
4840 4131 29
2101 2827 54
162 1902 92
4942 3855 23
278 4835 89
2984 497 11
3683 1331 23
1212 2125 34
1320 1062 19
2416 1617 80
4667 1919 88
3862 2725 61
3421 230 13
2809 4448 16
3692 3058 48
703 3993 33
25 4380 14
4230 1540 21
4588 4106 10
3705 2228 70
3748 4388 62
1671 1759 4
4528 3903 72
3393 3904 59
2721 1871 56
3544 4624 77
3257 4673 38
3934 3365 27
284 3455 64
1135 974 28
2584 1433 2
3706 1915 20
1639 2680 77
1137 1672 27
4647 528 57
216 537 65
1164 3966 60
4586 4461 10
3815 4517 6
1617 4900 32
1189 3300 37
4222 3619 1
3246 617 89
2108 1264 16
3841 471 89
2935 1896 33
179 4848 55
2409 4077 61
2180 4218 41
3432 1511 69
1544 742 4
4354 804 82
3232 2024 46
957 3224 61
796 352 49
3868 2985 72
3995 1387 29
383 2451 23
3147 1032 7
3444 3312 84
4179 1368 60
2906 974 13
762 1999 78
2272 2837 68
3465 444 29
1111 1266 27
2663 2523 10
4191 4915 2
1049 2911 75
1762 489 47
2252 666 7
2888 1444 37
296 1479 50
2841 1014 2
335 3947 44
472 328 65
2056 4605 68
3431 647 4
1667 1222 3
496 1011 32
3492 3832 89
1680 948 82
4137 4428 6
766 2255 18
1277 4855 5
3943 2732 15
64 4398 68
258 3938 94
754 3003 69
3874 2459 1
2295 2802 54
4838 1461 58
3973 1328 78
2557 4408 25
2544 3710 32
3822 2758 9
3151 1393 6
1249 1976 5
4922 1062 27
963 4253 42
4787 1101 49
2044 3084 36
1168 3761 12
4172 2198 3
3107 4487 70
4169 4640 2
1818 4914 41
117 907 82
2382 3022 27
3752 779 54
4454 811 12
1693 1095 76
1014 4259 33
3036 1724 10
4334 4249 69
3356 2475 37
855 1205 100
1679 2148 49
2496 4579 11
3520 4498 47
1172 4481 23
4955 2648 2
1897 2184 15
579 1361 57
4588 1767 62
1961 977 63
1960 2976 42
3103 4531 70
2650 2829 12
3233 4835 60
3199 2715 37
4457 461 65
667 775 22
896 3548 14
3016 135 71
3245 486 20
1411 1622 40
1432 1280 51
3188 4631 100
3971 2002 6
4885 2387 1
3306 836 79
871 4464 6
2109 4121 9
1802 3204 33
4054 1392 71
4511 1530 59
3552 1243 7
4771 1448 87
2415 4784 49
1816 1739 22
2963 2596 14
2613 4067 63
1646 3490 64
2592 408 78
253 2694 62
4608 2065 67
2100 3234 21
3855 2501 42
2510 2170 51
2012 3476 74
4740 1319 57
4530 3438 98
2295 1643 8
281 3403 96
952 4407 37
2680 3398 54
2481 2344 67
961 2396 21
533 2953 31
3143 4932 50
4860 2173 78
2547 1923 51
3463 2723 83
12 833 77
49 1183 37
2061 2210 59
3967 3644 62
3186 3609 85
227 665 12
1525 2063 73
430 2198 93
3604 2626 7
1015 1214 39
1359 2324 22
2322 2264 1
3164 4423 35
4148 3968 32
2231 4321 81
3638 171 73
1114 3166 22
3071 36 13
1603 565 48
2906 2507 68
2556 3073 4
672 690 22
3429 2412 28
847 3993 52
127 1791 27
3275 4315 5
1021 2377 17
1108 543 92
1720 1380 29
2174 666 64
1930 3543 84
1129 262 85
2321 2591 1
3856 4147 86
1191 2891 49
2485 4697 75
982 536 84
981 1231 57
4611 3403 42
3486 3672 98
4120 973 35
1080 783 43
3115 1514 20
4332 767 90
1345 1443 30
4000 2431 64
3137 2643 14
3999 3312 100
4453 198 52
1918 2385 63
4869 402 31
608 406 21
1345 3802 65
2364 2369 8
4161 2644 81
1737 1603 89
2916 3497 40
1615 4335 21
1513 78 99
987 2583 36
1161 3304 62
3264 355 99
3586 4019 98
2687 1394 43
2443 2514 42
3550 2394 19
1708 3568 23
1950 513 74
3730 3834 62
4672 4971 57
1838 2040 87
1852 630 92
251 3814 22
3383 2939 1
2334 4968 56
264 4762 27
1671 2416 64
1935 1353 16
4739 3279 47
2435 1623 18
3577 4347 87
4038 2201 25
3374 1160 71
4396 4676 48
774 894 31
3288 399 25
2600 2587 61
3393 4392 82
503 621 76
1723 1737 39
2552 2502 63
4697 3053 67
2203 3844 65
4491 2501 31
2413 1478 17
575 3847 55
2119 1750 85
2722 2446 77
485 1039 18
2946 2097 42
3385 2007 97
2850 3438 5
2892 2253 68
4882 72 46
1856 3668 64
1011 1115 73
4084 1105 23
194 1638 4
4767 1136 67
2711 1065 34
2548 4113 99
1571 1963 94
1509 741 19
1636 3143 80
3373 2145 95
149 2869 20
2472 1225 80
4425 2172 45
3645 4467 8
4944 1405 64
2521 191 11
3046 2606 99
1660 1963 50
2586 3938 59
4183 3719 59
2094 3086 29
4825 1831 94
4187 2414 30
2686 3504 8
1650 4349 50
3245 2080 17
1490 2733 92
4976 764 68
2920 2024 84
2002 4102 36
4301 649 6
1504 2634 66
1978 1459 52
1910 1028 76
2918 4080 76
4707 1594 64
3889 4532 46
4845 3585 79
4065 83 50
1501 728 44
1961 2383 31
158 3074 84
3442 4520 30
2156 1076 82
324 2708 56
2516 742 31
4977 793 75
54 2450 49
2407 2163 66
1577 4038 48
3842 3595 86
4202 3474 30
1721 2855 96
4926 229 9
3412 2815 56
1882 502 52
1043 3038 45
3228 1925 57
1249 3593 9
860 1823 2
3328 4671 10
2140 3400 28
1157 4900 78
2807 1525 50
3445 4289 21
525 4708 4
2068 3383 73
434 2991 52
1383 2813 15
1917 440 14
3718 1242 16
1188 2233 94
2218 4161 6
886 1458 37
246 2838 74
849 4649 20
446 1669 47
2095 2814 34
4930 4065 3
689 3564 74
646 2511 99
148 2700 48
1678 1391 6
4422 4164 60
235 4573 52
1974 427 69
4659 31 77
2169 2332 70
4289 1849 35
1657 1445 34
3982 3509 90
422 443 57
3681 1398 63
2977 2616 39
2403 375 11
2109 819 18
53 2536 84
1755 3620 15
2419 2117 37
1544 1431 77
4060 1767 97
4037 2294 98
424 4414 81
3545 2284 61
981 3540 98
4366 4181 43
3091 4737 72
2358 4663 82
2650 2784 69
4171 2050 20
3745 2367 23
4068 3942 98
2545 477 27
4596 3211 79
1189 944 85
1218 752 19
2593 607 26
2719 3688 87
2560 1182 12
2272 911 60
1976 2898 58
3754 1592 99
383 3284 34
1891 617 12
4200 1570 32
678 869 38
4290 3357 97
234 167 20
4159 3354 10
2761 1951 56
3894 1561 77
2717 1187 1
2969 3707 8
4777 2535 11
2085 2702 41
3558 2064 33
839 882 34
132 1218 41
511 981 76
4523 3266 84
260 4258 43
692 3845 29
791 2896 1
4902 777 61
1616 4793 52
8 4814 36
2308 2585 28
787 1573 45
2665 3879 25
4474 2658 90
788 2127 6
4080 4953 48
3759 2432 41
2848 521 37
209 2748 48
1333 287 87
1222 4044 20
2944 998 37
741 1738 64
3566 1782 62
702 2344 42
1146 2467 59
3179 924 24
4203 2685 83
4240 1364 100
3058 1612 43
1615 711 72
1597 1236 94
871 269 58
779 3353 12
3744 3207 45
652 2585 74
1290 2483 87
1685 3301 47
3590 402 79
508 4467 83
4612 3818 49
3962 2324 100
221 1750 70
1149 1026 53
1643 3081 81
2438 3489 35
1390 319 31
349 2024 49
1818 921 36
1356 858 79
1044 1639 87
263 338 62
3702 4507 15
744 3166 91
2666 1962 60
4115 1913 99
3889 2428 16
2060 927 70
996 615 52
2291 66 47
2950 4711 22
1161 6 95
1323 4208 13
2325 3731 56
1866 2453 38
1943 549 72
2697 3582 69
900 1605 32
2515 4768 27
1355 747 92
3099 4662 98
1111 1167 44
2975 4824 71
3605 257 99
1967 2967 65
4116 4613 27
2699 1039 15
3190 358 62
3912 2900 95
720 3442 10
4353 2927 36
1969 319 26
103 2921 100
123 1994 65
4236 3004 90
1659 3541 44
473 3686 32
2035 3904 38
1038 323 52
4185 1385 86
3632 1833 79
2905 636 68
4255 4598 86
1260 2880 90
154 4738 69
1978 1246 79
398 1727 63
29 2718 28
4485 4043 70
3991 3097 74
3514 1907 71
4534 1807 56
2961 4223 89
91 1619 28
848 5 20
2238 3672 60
4235 4456 27
4219 717 27
1020 2083 54
1091 4124 2
3956 4743 42
1281 3714 49
1071 2050 4
3 3886 77
115 463 31
4706 324 92
4404 4813 100
1581 4432 33
4117 2826 45
1275 697 61
4559 4642 75
788 1031 82
1565 721 3
4060 3870 8
1771 2631 10
1847 3335 93
4345 2642 20
3646 1752 40
3851 1516 20
1899 3182 13
3131 125 13
3540 4473 40
3718 4993 49
1828 3078 40
3422 3435 26
23 4213 4
335 2469 23
1171 1651 31
2149 2643 21
758 1420 20
2461 3316 22
1720 174 51
2450 322 12
4433 1298 41
3640 480 76
854 1220 25
734 2 20
4654 3447 71
1132 1827 93
1059 451 78
3198 235 31
2460 2320 55
195 4136 32
3310 4729 79
4778 4946 2
2587 2554 18
203 737 100
2555 4203 71
694 41 10
3797 159 89
1401 437 18
4669 800 22
1904 2009 73
4189 4943 62
2359 1564 19
441 1406 91
2087 141 91
2611 4720 26
3202 1767 12
2273 3959 85
3262 4482 3
2134 259 40
3825 3 43
277 1755 50
3514 1388 100
3121 2031 34
1023 3765 77
3942 3890 62
3368 1985 47
2713 4509 27
1396 1278 18
2018 3525 74
4558 395 6
3767 27 40
3380 1217 52
816 2092 8
4238 1174 68
958 1824 18
632 4418 83
1108 2951 70
420 870 11
760 3602 35
225 425 84
2243 1630 44
1656 635 20
3296 2820 80
4021 2078 32
1425 515 78
2159 770 58
2305 4254 16
2177 2187 95
930 2779 10
3677 3172 13
2614 3124 10
733 4723 10
1402 1369 99
1842 1825 35
4489 1358 8
3598 1466 30
3536 3559 87
3389 2448 99
3524 4464 26
4280 3099 82
85 2241 94
490 3109 45
574 1532 96
643 2766 22
438 908 11
3920 2814 51
4828 4468 40
539 2512 4
660 179 34
1754 1692 31
2196 3101 51
2971 3318 74
3536 404 82
4781 3398 44
1938 1910 11
47 1008 37
3106 4736 77
1102 4183 45
3049 931 76
3759 294 93
1276 4808 85
2128 2666 66
3832 3778 43
2358 3859 66
275 4406 93
76 2646 85
1268 748 99
2843 2323 35
454 320 65
2266 254 73
3832 3766 69
4546 3995 29
2798 2987 18
303 491 50
2968 1131 43
2294 4611 54
4323 582 96
4462 2604 50
4225 176 96
2857 4528 98
227 1921 16
1297 1418 5
4317 1927 88
148 3612 28
946 2136 53
4949 558 46
212 320 13
4793 2028 45
1117 1225 67
4378 3035 4
3775 2979 8
4633 3287 82
3 207 91
420 1119 4
1077 2264 61
4490 4156 20
4631 3525 41
1109 2049 98
773 4450 99
907 3432 45
3285 2300 27
20 4806 42
469 1004 25
4143 1841 92
4718 3646 37
4145 156 55
1006 4905 45
3775 4442 84
3272 2105 1
1593 1837 20
102 1767 95
3694 197 61
2488 4709 32
1481 2457 42
1763 1257 45
1797 1377 59
814 1205 33
4522 2504 62
2998 3931 16
2528 4199 8
1797 2455 33
4335 225 13
3104 4610 18
3 1689 40
471 394 92
4724 3863 57
4526 3132 37
608 194 23
1903 1652 87
3287 9 89
3025 187 64
4139 3073 6
1937 2134 22
3631 3456 83
3079 4868 52
2368 4368 61
3434 557 75
752 2477 17
2524 2474 82
2619 646 37
2660 102 23
4618 3131 78
4734 1350 43
838 4010 13
4458 1189 93
526 2447 54
1438 980 92
2180 3627 18
3491 3053 65
1341 4641 60
3311 2755 22
134 2377 35
3210 376 98
3156 740 78
4508 4694 100
956 2424 49
2165 4738 82
2833 4339 42
1300 3028 7
2703 2570 19
687 4822 2
3014 3138 88
1493 4086 55
4604 652 65
4072 1352 81
201 2415 67
4882 2851 8
3903 3241 79
1652 4772 49
75 3379 56
1808 865 7
3797 1782 44
4073 260 32
988 2117 44
4281 2479 73
4435 2010 55
3954 1029 28
4933 227 33
4978 3916 48
4141 285 9
517 4793 5
450 3076 100
4587 2689 85
130 4486 24
3487 4561 87
1539 3075 9
4187 4244 45
4985 3784 52
1521 4500 20
297 724 83
2246 1801 16
3470 3530 88
4241 1404 10
2570 2590 53
1144 2883 10
2076 2030 91
4870 3407 9
3689 3551 93
2037 2663 15
4305 1650 75
4457 150 91
931 2431 72
3460 1498 66
4446 4666 5
254 4814 52
1141 3109 49
3187 1127 86
3976 2164 54
3062 3776 28
845 4587 87
125 1850 100
682 3526 13
3421 2942 3
979 1384 81
1350 555 83
3999 3102 30
4045 4013 44
596 4002 100
2291 3126 13
1953 653 42
1221 4526 64
3002 149 83
3237 3311 94
4768 1906 19
2902 3787 72
162 4726 81
4104 955 22
3610 2076 90
2258 1843 81
1441 3601 16
4415 2656 67
3934 467 63
4748 3001 68
2020 4148 32
2809 4619 52
4989 4134 25
3906 542 27
4438 961 51
3025 2437 24
4284 682 50
3421 1309 46
112 658 51
3816 1423 46
3753 4220 1
2981 2834 84
2467 4076 12
4352 1898 70
523 2333 6
4033 2992 40
2344 732 16
4480 4395 64
2140 4923 37
1945 1120 11
1681 3980 16
4655 4560 50
4449 3063 59
3663 1972 8
3840 3124 56
4661 3791 76
3140 3085 41
2072 4673 2
4591 3332 69
957 3529 47
3877 4552 90
2668 2325 5
1214 741 97
4198 4093 10
4103 4802 43
4741 324 92
3451 1003 40
4314 1288 24
1777 4139 52
3732 3659 49
4235 4970 46
1744 1769 25
2582 885 41
2377 480 19
3886 4804 89
1256 1820 41
2208 718 90
1808 22 55
2231 4820 76
605 3821 26
4900 2300 32
4943 1380 64
971 892 8
3477 1209 25
2222 310 28
1770 3908 21
2053 4944 18
3774 3833 42
311 876 32
1997 4820 44
1677 4686 64
402 4840 47
3785 4209 32
3960 538 73
3765 51 52
3952 4860 30
1355 3028 75
1463 4436 55
1725 1051 61
4890 2994 15
865 2074 59
4854 638 6
477 3915 68
2040 3549 97
3551 2613 66
3224 23 77
771 727 64
4846 625 56
4707 4867 61
4187 1277 58
3295 3624 2
2047 1625 63
1966 4269 8
2696 4177 100
3039 3860 56
1774 3212 98
2552 3113 39
3974 4887 68
1034 345 6
211 4640 94
4419 2963 44
4635 2588 78
1477 1186 69
1421 3106 39
2667 1624 22
3288 4713 5
2844 4635 74
3739 1092 6
4219 2573 46
1992 2059 9
1900 2631 54
3731 4913 60
68 2859 15
2389 3816 17
3666 1124 65
3408 2015 62
4071 1707 35
102 4109 69
539 1796 13
2994 1036 66
2727 2879 27
2329 4889 69
4965 1379 44
3427 3481 63
313 755 47
128 4601 38
2348 1197 32
4290 4657 96
1025 3683 31
3053 4272 48
3085 2002 73
696 2516 86
4000 166 76
4151 2299 53
215 4158 55
3866 4670 42
896 2023 67
1770 1841 49
1947 3071 90
443 4979 56
1235 3422 42
1128 160 50
4476 2273 3
905 3666 30
709 906 33
1535 4819 29
4806 2454 89
2368 3902 37
3238 3552 20
1306 1177 49
3601 3108 83
2952 4983 81
333 1587 49
4133 4400 67
1147 141 71
2769 1080 22
982 4535 52
2945 150 67
3293 674 52
1771 628 61
4070 2088 88
